6.247272594288724168e-01
1.206294276894053441e+00
1.577944341666954298e+00
1.904178587998314853e+00
2.047293695284985837e+00
2.253184615727067186e+00
2.496479621094053414e+00
2.587890226932363813e+00
2.774675735888945560e+00
2.817168203000726567e+00
2.847962234913919755e+00
3.020318012104218575e+00
3.108097310772659938e+00
3.274738158306790048e+00
3.242967519863272141e+00
3.458493833842219534e+00
3.417238026400034379e+00
3.480054801493365435e+00
3.312391843195205077e+00
3.318904679987112694e+00
3.577055547608221531e+00
3.416886485354535097e+00
3.449600546868790030e+00
3.819672416306203910e+00
3.637638302252072631e+00
3.562295389528562062e+00
3.451951736381090541e+00
3.678487814750413420e+00
2.974940934523458314e+00
3.465069908947631117e+00
3.804970919669289131e+00
4.193364070113270614e+00
4.611976620010712402e+00
4.363121079230126931e+00
5.043830171766068737e+00
4.784496905439406866e+00
3.962429078231918034e+00
3.230489304931769112e+00
3.909975038958616977e+00
4.694022880177765700e+00
2.642030124781005629e+00
2.763215634898038342e+00
3.295766471084079274e+00
3.674221980489093653e+00
2.388892467152957444e+00
1.981459169681236920e+00
2.986704370899020855e+00
3.354265742400369454e+00
4.109026459899504102e-01
