5.188894572977486019e-01
1.045364352465171676e+00
1.287243499585495998e+00
1.234643547266990993e+00
1.603549935111566738e+00
1.683865777940788844e+00
1.574877305520858695e+00
1.600143602196686610e+00
1.659473061081056189e+00
2.087277598572577553e+00
1.882679153817231610e+00
1.901653382863333519e+00
1.947957265135185745e+00
2.356077041401583916e+00
2.472737569620853559e+00
2.393185448398553294e+00
1.917832739982326284e+00
1.846117971632331489e+00
1.929159300075105721e+00
1.960078853092090956e+00
2.131257648612123301e+00
2.198800171184459806e+00
2.540391252933465793e+00
2.379964955274593841e+00
2.380874373010836820e+00
2.103518982318976605e+00
2.721942491711512702e+00
3.118891589258477648e+00
3.082534957742696147e+00
2.959702343382367928e+00
3.586154834513386458e+00
3.963604557730878941e+00
3.623323517120604631e+00
4.026524605609818508e+00
6.479312269598390017e+00
3.724604719397503594e+00
4.229898192723332784e+00
4.414378540841099152e+00
4.848482309910891352e+00
5.774596410720310935e+00
5.444148034044817841e+00
8.165312255890730953e+00
6.048085612907355468e+00
4.108222826135865535e-01
1.111321618766489827e+00
1.285068105959696672e+00
8.758954155155014576e-02
3.471452865292116718e-01
7.363290847055677102e-02
