1.835601467485398208e-01
2.046358567245772919e-01
2.016090276848366003e-01
2.258888949644531075e-01
2.343122342325757723e-01
2.422208217108669237e-01
2.797319320485436300e-01
2.761369345217828952e-01
2.774825007064286031e-01
2.836848509610491176e-01
3.289257417236924885e-01
3.594331756334679384e-01
3.458710391343605695e-01
3.091564821650100714e-01
2.401939664953183229e-01
2.756903374215354252e-01
2.275858797229198260e-01
2.426164803293834049e-01
2.673946727303140869e-01
3.530477114775242842e-01
3.854953768771192668e-01
4.294810349246677705e-01
3.115910404086345564e-01
4.635918384365922962e-01
3.562029758796979584e-01
1.882002089922243104e-01
1.679972770712243324e-01
2.385226756381619850e-01
1.961087376660886339e-01
4.190538235516456655e-01
3.074800080180943307e-01
1.680629248676947796e-01
1.505081892529154530e-01
2.761216639278659124e-01
4.105234490003446535e-01
1.532596807949686557e-01
2.035953256414941015e-01
4.303595541091358445e-01
3.005256620243236809e-01
9.035433730205799652e-02
1.628312703850576526e-01
1.092491010243523408e-01
2.845791048371496545e-01
1.261959362392017225e-01
2.211276586564817626e-01
1.152584527076362803e-01
1.942736145878302123e-01
5.494484282895815974e-02
1.782388641603089852e-01
