-2.416267452201721067e-01
1.871147041329758107e-02
-1.050280794890437325e-01
2.702289325605483281e-02
8.472914098117367843e-02
-1.337632208147523649e-01
-2.102241888925775737e-01
-5.125661218265823438e-01
-5.944274665434130522e-01
-5.496023332959962815e-01
1.005904714626627006e-01
-4.989302371708123074e-01
-3.240791503317683175e-01
-3.849361524271287527e-01
-2.452041166734256206e-01
-5.160962900244093765e-01
-4.872591676251774029e-01
-2.851882792242697862e-02
-1.488237567117120519e-01
3.134879866765928336e-01
2.008107932512394334e-01
-4.312117823339975953e-01
-3.966971338212272324e-01
1.056024231617533476e-01
2.300244621578689461e-02
7.893298703960979767e-02
-1.166326865750733077e+00
-2.544522590501243076e-01
1.781074632820291159e-01
-7.922936087276639949e-02
-4.633171972803360461e-01
-8.144279552006163936e-01
-4.200380175627742019e-01
-1.096433732220785995e+00
2.060425238599284392e-01
-1.275045419923986900e-01
-3.993889969158864184e-01
-4.397987193214678014e-02
-3.514916583974485587e-01
-2.749198822144153787e-01
-1.180838113749276275e+00
-2.665350744171405828e-01
2.264306869856647642e-01
-8.037064216190261678e-01
-8.764421055843067965e-01
-3.917487428647096204e-01
-1.132433544097624756e+00
1.095594684636907873e-01
1.784219612712172331e-01
-1.312934115410497038e-01
-1.667574340220303319e-01
-1.812099377892394461e-02
-7.766266247012114377e-02
-6.112664527316092472e-02
2.212851681631216871e-01
4.454922961782733504e-01
-2.737160228097491599e-01
-1.271899821150396903e+00
-1.938721542924094210e-01
-9.041544175546213369e-01
-5.383317163420788809e-01
-1.031383850728825463e-01
9.347540234461143571e-02
-7.142009142562314450e-01
2.783423880765863445e-01
3.654516006434762043e-01
1.855278280337324670e-01
-2.520190264156249027e-01
-3.875149439859446598e-01
1.705153866142022356e-01
-5.066451272244538728e-01
-1.842706292261043211e-01
-6.569916531681285754e-01
-8.999041174686890354e-01
6.755420111834140040e-02
-1.425014556549840661e-01
-7.055771668333683522e-01
-3.120575667393476471e-01
-5.179565745341043748e-01
-9.166137170871095918e-01
-2.215855645694242149e-01
-7.284122260631561430e-01
-1.293777701704915961e-01
1.249080647139226563e-01
-1.953813319389481051e-01
-1.009514395885143578e+00
-1.785134270449096061e-01
-1.703895320146842751e+00
4.032746763221336517e-01
-1.169309789081641737e+00
-2.270230553197788159e-01
-9.433271484561197573e-01
-3.987914141741238927e-01
-1.231264387208586664e+00
-5.451006562392360921e-01
-1.041841182206623362e+00
-7.031838739141809125e-01
-6.056789127019241992e-01
-7.902697805385056062e-01
-2.896252402625500988e-01
-1.560470467075292800e-01
-7.666383497854000195e-01
3.363898080144992475e-01
3.923564217166002899e-01
-1.259361555679384015e+00
-4.305644690580188172e-01
3.229956642614584816e-01
2.226725498914270684e-01
-3.874537763842196836e-01
-1.338057483938255299e+00
-2.870561553267402810e-01
4.124224522628982537e-01
-6.638565981465256449e-01
-1.129131786056142284e+00
1.964729747608857935e-01
-3.379756499658173041e-01
-1.033775139689715017e+00
-1.091606329708868728e+00
-2.785251317873504995e-01
-2.920381455021022199e-01
-1.043505075083410283e+00
4.890548767619297688e-01
-1.127933436124204380e+00
1.074308972126710865e-01
4.514294213806749334e-01
3.096304122264196823e-01
-1.660456665652658773e-02
-2.073985360357510077e-01
6.479664326724432488e-02
-4.562063945237265772e-01
-3.005150832480510958e-01
1.556286971016000997e-01
-4.529508583180614223e-01
3.939808533081231579e-01
3.250300512146310217e-01
-3.429949768263023668e-01
-1.031079329278145940e+00
1.460250524219209589e-01
4.436258172657593368e-01
-5.053189608782837627e-01
-5.432310650114168249e-01
-6.564439889311191045e-01
-3.015886370570612929e-01
-3.849479889895176532e-01
-3.153886822150908098e-01
-9.995659871766041094e-02
-3.140255641153282262e-01
-2.000899988540790486e-01
-5.358835489251921602e-02
-5.079772170077276883e-01
-1.406792873252649345e+00
1.400062793066389477e-01
-1.178072290637967923e+00
-5.790714312699416499e-01
-2.307520481887977981e-01
8.250646202655045891e-02
-1.608673489282898439e+00
-3.973300610570524305e-01
7.812592572317883510e-02
-4.533761447134871392e-01
-2.321428706285971477e-01
-1.390126231410886322e-02
-1.597958596569486467e-01
-5.114521454330793748e-01
-7.743330316503456434e-02
2.405062190099621078e-01
-4.518448331743245006e-01
-3.462232154251912442e-01
-2.233865463975746313e-01
-6.717367328331583787e-01
-1.054847116890825359e-01
-5.255287464189672963e-01
-2.285759105870844021e-01
9.408513231882610628e-02
-4.635775538290641262e-01
-5.104963565235532963e-01
-4.613256433478898910e-01
-2.975042892869420030e-01
-6.241419241702410581e-01
-3.989987466940279059e-01
4.457215746666868400e-02
-1.555635233252828376e-01
-7.787958811581048302e-01
-1.566270725235089589e+00
-8.026846111740461309e-02
-2.121325229080178454e-01
-1.234737364273768234e+00
-1.741552226617923806e-04
-7.964462005853163440e-01
-6.360422840622443896e-01
-3.417154319087707393e-01
-1.324448167628660578e+00
-9.178940030350899448e-01
-3.567541238974722417e-01
-5.337361216833556021e-01
-2.591779134247536587e-01
-1.094333457577085111e+00
3.335241340555953338e-01
-1.899577683428106956e-01
-1.023923809654894601e+00
-2.034093521232072932e-01
-3.352386029606383433e-01
-5.033217704667029002e-01
-3.616506750637966672e-01
-2.439079027232105568e-01
-7.616051768801049837e-01
-4.982859532034356054e-01
-8.009585873169696724e-01
-6.894603464940043391e-01
-9.899436252767271904e-01
-9.140953259181369139e-01
-2.540467700212498126e-01
-2.970909291214321457e-01
-2.816483361868876156e-01
-3.697128677864485180e-01
3.499617475285660140e-01
-3.698407331424308775e-01
-4.447323861917237831e-01
1.233471240901880400e-01
-3.395443965004113496e-01
-1.063323903638359741e-01
-2.295491595876934451e-02
-3.886594735502887921e-01
9.340159296197524108e-02
-1.533111929471117740e+00
-1.082712745426662737e+00
-1.328986384133514997e+00
5.248392077647373588e-01
-3.983427840504913386e-01
-1.374526385554338592e+00
-6.540634159834409767e-01
-1.575409464332703235e+00
-2.686794518168834078e-01
5.626494052978731758e-02
1.575945549662737255e-01
-2.261637342867215406e-01
-6.576318161561953701e-01
6.070999825982004161e-01
-8.967832540261888585e-01
3.035501940279585753e-01
-3.941428056509897471e-01
-1.603139757014520883e-01
-2.697802401557896079e-01
3.162578686226840685e-01
-7.073368056473433585e-01
5.602807324100965713e-01
-9.241666836989471667e-01
3.656016477871870118e-01
1.206507514945547727e-01
-3.792441715001251268e-01
-1.142184296547653410e+00
-3.491613291756124893e-01
-1.620721905095134474e+00
-5.609506979658601677e-01
-4.112967331323030828e-01
3.130230157471204644e-02
-2.690223744391531113e-01
-2.037725838037397208e-01
-4.415983963875910190e-01
-5.752730809479509322e-01
-8.152988399627956184e-01
3.652311380594354118e-01
-6.099848960673676102e-01
-2.538978607835383761e-01
-2.524292334720486530e-01
-4.328061279078503354e-01
-4.941310840333189569e-01
-5.118479109204947530e-01
-1.878831001711076532e-01
-4.699442621955366994e-01
-2.475313426529513749e-01
-1.700314743706476395e-01
2.817430134598923330e-01
1.829069634156449409e-01
-3.355330862908710576e-02
1.386297855751793262e-01
-3.634798085759617936e-01
-6.802467536224786615e-01
-1.660735253467834904e-01
-1.375974144866767002e-01
2.406201111004739601e-01
-2.280487178859351982e-01
-4.235514947095933569e-01
-1.047860659178387222e+00
-1.357970096441521113e+00
4.091827513197258681e-01
-4.278394568845071411e-01
2.739727547964882493e-01
-2.422667719604790562e-02
-2.945098818403061314e-01
-9.572547297322593352e-01
6.889780868762891697e-02
3.330159250403437188e-01
-2.829191513990402806e-01
-1.218997795065002165e+00
2.577861736300220419e-01
-4.609494062008268056e-01
-1.063213427966805957e+00
-6.782383422889185498e-01
-2.357848573444465967e-01
-1.310178694431461122e-01
-6.033939063736768471e-01
4.952851707476706444e-01
2.310629814075574884e-01
-5.979899071851467740e-01
-5.302582672179063233e-02
-2.602980270000733731e-01
-1.512736525893849659e-01
-5.157612028609179916e-02
-1.261357094536258883e+00
-1.057176406253901968e+00
1.218003770512715161e-01
2.994915715910531073e-01
-2.690451623228543587e-01
-2.105871794930068708e-01
-4.320793606766678008e-01
1.987091701822203127e-01
-2.141727979011506522e-01
-3.668020878253386852e-01
-6.667894247439430933e-01
-4.572954536150680149e-01
-3.457750642990426448e-01
-6.229955647672136276e-01
2.458951894834468521e-01
-8.291570444965331577e-01
-1.719994527549813801e-01
-2.615645615625589171e-01
-3.477231596257845947e-02
-2.509995059546555329e-01
-4.355368731794480586e-01
-2.033486716941397265e-01
7.716812674033132757e-02
-7.328635162452429297e-01
1.069827800352564778e-01
3.753757212227092910e-01
1.584935338123438231e-01
-1.623768653994144273e-01
-3.758677726259001539e-01
-2.387395835839868363e-01
-6.267541898349597573e-02
-2.763341253534799535e-01
-2.047607039333036727e-01
1.954255758879132887e-01
-6.976488323925277291e-01
-2.952122917112132150e-02
-3.951653101510615995e-01
-9.707256043605921869e-01
3.687922116736512546e-02
-1.584330664172328151e-01
-4.009299693198712378e-01
-7.353610566958915795e-01
4.673672122618673375e-01
-2.368471045369248129e-01
-6.229509504826716976e-02
2.133301472776299446e-01
-1.557723988155894877e-02
-1.199366548340282668e+00
-4.921959837925817677e-02
-2.358468648327053663e-01
1.811702047648603570e-02
-1.623612947799503714e-01
-6.775189302784269396e-02
-1.416349472662062070e-01
-5.566283337829799338e-01
1.045077039680456510e-01
-7.935327496766646505e-01
-4.977080462090832658e-01
-1.747734609641583003e-01
-2.157483268389867592e-01
-1.063237421856928905e-01
-3.777700042502912803e-01
-4.492464661171325924e-01
-6.286442751158272113e-01
3.555949318413268445e-01
-2.705414043290338411e-01
3.028117156583198799e-01
1.429274347721014582e-01
-6.891383167955170141e-02
-3.419355918993769450e-01
1.632082266402289372e-01
-2.573322617948173296e-01
-7.977002451532966276e-01
-6.606318427852263531e-01
-2.001877689880872391e-01
-2.865237933044072552e-02
-7.459097247971899769e-01
1.214396871581540638e-01
-2.621149673906201238e-01
1.485512661976318982e-01
5.110744218703170555e-02
3.021655905356444571e-01
2.027952425012741200e-02
2.956327096508714058e-01
-5.406750313997031876e-01
5.657767658462683480e-01
-2.813565164662292228e-01
-4.909243875478253721e-02
-2.315271492659207730e-01
-6.526582708508024133e-01
-4.947906985708833139e-02
-3.703136024898960321e-01
-2.637647740278938890e-01
9.772191074484485804e-03
2.777299207512848866e-01
-5.582480277588780515e-01
-3.530613445296146846e-01
-7.039644073133415336e-01
-3.229765673832395989e-01
5.177430739272415039e-01
3.066485984327365147e-02
-3.882531471514220622e-01
-7.136244205739769586e-02
-7.594836663495558859e-01
4.076084475955956132e-01
-1.120899502284334881e+00
3.023570249008115662e-01
-2.463022871197200758e-01
6.470806759197091085e-02
2.080809465352305987e-01
-1.818040273805127949e-01
-1.061269967414772086e+00
-8.486352130400073301e-01
-1.428859924172355689e-01
-4.193542591251076534e-01
-5.190246952341642794e-01
-9.134588423243157618e-02
1.962230973840937420e-01
-3.925493028054723443e-01
-3.369245139647208398e-01
-1.059599112036093027e+00
-1.752052522054808881e-01
-2.049526473031336449e-01
-4.966749304030240730e-01
-1.588352931827825094e-03
-1.105365368871913390e+00
-3.106497351398354589e-01
-4.005196209505191424e-02
6.634757339586369249e-03
-4.264740514925136061e-01
-1.082383299284336520e+00
5.656345234625371338e-02
9.444005884017228625e-02
-1.320633774396826832e+00
2.963180537687309934e-02
-9.842762095457416871e-01
2.375147285759788007e-01
-2.286722635294287723e-02
-1.369667922297505225e+00
-1.469016867519185032e+00
-3.420932631826636983e-02
-1.073619678437912839e+00
-3.195155187413288855e-01
-3.048009846895473052e-01
-2.367614967521034230e-01
-7.636862192588764753e-01
-3.286372023923541108e-01
5.194884221960451715e-02
-1.086762935306013061e-01
-6.563181428637270276e-01
-2.470046762741110180e-01
-5.465325211042119102e-01
4.408561331586127729e-02
-5.802329814571213218e-01
-1.008157423037624678e+00
-7.624762153830024758e-01
-4.959670544584741103e-01
-4.955835224801540262e-01
-1.878043525976026140e-01
-8.450187863946532207e-01
1.054034079253638595e-01
-8.668241220426726734e-01
3.242815781036111344e-01
-3.244998969975333436e-01
-6.187216527214026152e-02
-8.279970194942826156e-01
2.382266190434187414e-01
-1.393479430236864713e+00
3.411454903110995862e-01
-9.744159963982550465e-01
2.743507277258149663e-02
4.485737326325869301e-01
4.465916535649999131e-01
-3.394928272541725134e-01
-3.213801333918664960e-01
-4.185377140314556349e-02
-6.002113086671443387e-01
-1.136956106547761358e+00
-6.564598791045339610e-02
-1.784854311082180456e-01
-6.281174333463919179e-01
1.490993934768968521e-01
3.084896337472611827e-01
7.368624764070225153e-02
-1.794249918019093920e-02
1.022628836396908686e-01
-1.481400847826295775e-01
1.056607283304218936e-01
-5.235978392918281266e-01
-2.641429463962132185e-01
-1.174129214920721226e-01
-6.357856232198469959e-01
-3.077775068002834291e-01
-5.250591995607639673e-01
-5.806377644156026641e-01
-1.032176297157659572e+00
-4.825465013465040087e-01
-1.979093530855634830e-01
-2.175669416134968503e-01
-2.128105621636018907e-01
-4.627759567200438462e-01
-1.015197483331667927e+00
-1.082696028929940990e+00
-1.064329099628528619e+00
-3.674575427518508297e-01
-5.719940803411651675e-01
-4.852611938170855316e-02
-1.069378754899859230e+00
-9.444279982767305182e-01
-9.367414920651746801e-02
-1.513752914680065897e+00
-5.505516431165058400e-01
-4.606715712924998041e-01
-2.498425226184339265e-01
-1.136854412273365922e-01
-1.481482023265793035e+00
-8.554277465062680719e-01
1.453594662073267318e-01
-2.364888355200931713e-01
-3.717446541510009417e-01
-5.070950568943459746e-01
-4.600796095343740455e-01
-2.739659901768116135e-01
6.018554714797940547e-02
1.497644460390759880e-01
-4.423972219762184466e-01
-7.107372705096555165e-01
-5.919144611670313916e-01
-3.434081642926290479e-01
-8.934758519897492146e-01
-7.944785503440518482e-02
-9.566700712275927332e-02
-4.696345808396359955e-01
-3.209890213498471367e-01
-3.461969702120216708e-01
-9.221428006184546611e-01
-3.957692393523260521e-01
7.414031091266065632e-02
-1.379230760040410786e+00
-5.016415010436149347e-01
-5.102674393575045153e-01
-1.027642521427594602e+00
-4.135599991557271649e-01
-1.220616501142602894e-01
-1.008665558798362172e+00
-4.765548844766837044e-02
-1.464076567889433411e+00
-1.373996514320604545e-01
-7.654693012617271863e-01
-1.323426529436253496e+00
-1.645230416883230740e-01
-4.838540031389680363e-01
-6.374648770891977456e-01
-8.173855588614542533e-01
-6.552534740468429764e-01
-1.237369018736416360e+00
-1.432724980013392546e+00
-1.092515230112752533e+00
-1.022776949209988739e+00
-1.418102778729187996e+00
4.972046749646923114e-02
-1.032204509103232803e+00
6.255858389185689483e-02
-5.909508895977628740e-01
-8.759343818229249345e-01
-1.034052806629879973e+00
-9.228038205318425113e-01
2.742568557369444784e-02
-1.064015872387826578e+00
-6.097370944984237262e-01
-1.127379311696629971e+00
-6.075849133295208038e-01
-4.122654184684076267e-02
7.146604299913944525e-02
-1.627514788104202914e-01
-4.480240344124475360e-01
2.610446645054205483e-02
-7.063440020476469128e-01
-7.454723175702905602e-02
-1.202058898681727550e+00
-1.668151917089606695e-02
-2.761195990834821590e-01
-4.405990170698119712e-01
-4.416736574436653240e-01
-9.574424995476099598e-01
-8.721842377533913782e-01
-6.232026286129868087e-01
-9.612081299134863643e-01
5.497718676935902105e-01
-9.658407672674559352e-01
2.799590227257349184e-01
2.049276167578533217e-02
-1.109294911391099703e+00
-1.218094843099211788e+00
1.757583130767046975e-01
-2.048021056044783683e-01
-1.009995191278587612e+00
-7.910044122423925961e-01
-6.452024631285152578e-02
-1.579701914144107933e-01
5.137021668517345319e-01
-6.955874775998199810e-01
-2.179594200511078272e-01
-9.348914509424565145e-01
-5.227055808514621260e-01
-4.306133453271210332e-01
-6.902048441021372271e-01
7.404414293159201910e-02
-2.365006719194302498e-01
-5.432972808743353754e-01
-1.106331716438988311e+00
-6.971912773145494922e-03
-6.211539473266159961e-01
6.303997896886064101e-02
-2.303585527606603622e-01
-3.179825643563478077e-01
2.141639686625894379e-01
-3.773283443001895082e-02
-1.167285907823872648e+00
-4.518100722947432923e-01
-9.482995123945907601e-01
-8.959305709855233113e-01
-9.180129740310781772e-01
-4.423408758083876569e-01
-3.878886425145978978e-02
-8.727926047908254326e-01
-1.077993386799198872e+00
-1.465608880716618989e-01
-2.542481964295351116e-01
-6.464093022294324919e-01
-9.661488576494618730e-02
-2.096145950467986907e-01
2.874978647439500046e-01
-5.407334486254143924e-01
-9.612209965457606531e-01
-1.408633217261951787e+00
-4.692643981046196733e-01
3.838184983187549748e-01
-4.399966976517562522e-01
-4.696114921959721467e-01
-2.836513546732125635e-01
-8.792877087000409153e-01
9.662530934525637161e-02
2.726061323777449474e-01
-2.714576153941473113e-01
-1.312897117702336025e-01
-3.883388490011911443e-01
-8.549434474717547694e-01
-7.943503381733096891e-01
-1.719636189812203675e+00
-3.689039008929967389e-01
1.190605032183303519e-01
-1.264170238267643187e+00
-1.461765956517685927e+00
2.112042110315020260e-01
-2.113944338974813042e-01
-1.021844302257532311e+00
-4.080505647780511280e-01
-8.739215125041766008e-01
-1.282511070215051285e+00
-1.109426272113482215e+00
-4.486233521853397188e-01
-1.608688513295809253e-01
-7.288873938298980892e-01
-3.204459497281131886e-01
-3.102843113021893084e-01
-3.301047635061176710e-01
-8.455603655067250868e-01
-5.542856189712611625e-01
-9.705681504191978615e-01
-2.777000598799767572e-01
-8.554525676159903114e-01
-6.689271408949093445e-01
-1.421125125962602320e-01
-2.436385484204338647e-01
-6.101364575313632521e-01
-1.262500213417841466e-01
-1.999623608853518253e-01
-7.173847831380758544e-01
-3.259801624868062797e-01
-7.605139365934231455e-01
-5.049711903474469743e-01
-2.741763882856589896e-01
-3.856362695646283756e-01
3.855496097498642971e-01
-5.447356249060124611e-01
-3.276961847689875973e-01
-1.066156147205004512e+00
-4.727899071715569446e-01
-2.620671675002469447e-01
-6.586344738160585521e-01
-6.330468049332639291e-01
-2.973392591109518812e-01
-2.074608872920464808e-01
-2.549056567423496622e-01
3.841568844946993688e-02
-4.136001024276725890e-01
-3.843483978812251012e-01
-1.010968206802455027e+00
-6.342213562641713098e-01
-1.748228515812346451e-01
-1.065549382774313436e+00
-1.355707170618057067e-01
-8.474839643700141645e-01
-7.114839200415525866e-01
-7.617345469711085393e-01
-3.683708510057982994e-04
-1.163051098042477527e+00
7.281304959724957393e-02
-8.460974682740779462e-01
-4.880171320206592167e-01
-2.383002871153211411e-01
-8.438625405534445623e-01
-5.101073703003726756e-01
7.666129179125651116e-02
2.976247060433266992e-02
-2.599446175081119859e-01
-7.024118594010706484e-01
-9.319292852510780989e-01
-2.149521239397409605e-02
-4.888793571040577768e-01
-5.450074915756442095e-01
-7.409614282352038339e-01
-6.467335551211960132e-01
-5.264418394852407035e-01
-3.355774020472637731e-01
1.133551798191704402e-01
-5.473427511915414101e-01
-1.052320458500067391e+00
-7.699881034430084981e-01
-5.824565477553320658e-01
-3.567047586655385655e-02
1.247889549011114430e-01
-2.700744792899869573e-01
-3.479946589694893344e-01
6.131839632669780320e-03
-7.134169144333069035e-01
-1.492436907020878500e+00
-1.109192797194509472e+00
-1.243878842655310235e+00
-2.163470901254326839e-01
-1.209492992110754672e+00
-6.406350895409144153e-01
-1.526466144094321478e-02
4.632715961730066723e-01
-4.832700776495511830e-02
-9.139010501496958039e-01
-9.477991136828068930e-01
-2.302471774759105305e-01
-4.748050432705778756e-01
-1.868574475662432011e-01
6.288162311347976485e-02
-6.042268134363855125e-01
-8.472501482676226825e-01
-1.787283017760774861e-01
-4.402982781794018835e-02
-3.124635782729482392e-01
-5.513790813195519336e-01
-4.229877312895578556e-01
-8.726969558891307654e-01
-3.027904971700153269e-01
-2.323255384291995906e-01
-1.377508196967380805e-01
-1.553550475262042374e+00
-9.048524360976977210e-01
4.968730560319567502e-02
-6.029429452362883302e-01
-6.015232677137982709e-01
-3.374539726084826441e-01
2.513346537467655573e-01
-3.812146753494904394e-01
-2.861360383494466753e-01
3.290973940080638704e-01
-1.302735894034101061e-01
5.441029659614605302e-02
-9.456015242131621257e-01
-1.297160005163038976e+00
-4.864033841049907325e-01
-7.172708600609205565e-01
-7.630755378714453308e-01
-9.887781791475153126e-01
-9.896362752460060586e-01
-5.535658999499044608e-01
-3.672414824851409354e-01
1.277295620320603731e-01
-8.321464684685659918e-01
2.982253776577939441e-01
-6.139295752497763159e-01
-1.187533973145065563e-01
-1.341279067223439592e+00
-4.486864964912655462e-02
-5.598085846786282627e-01
1.844459761683817645e-01
-1.482796901273240264e+00
-6.898451348739746969e-01
-1.690483163223488183e-01
-8.374195792194363275e-01
-1.127648273634653364e+00
-3.899533490708773087e-01
-1.212076875626382361e-01
-1.591648919042279786e+00
-3.464245127535581781e-01
-9.110937612751608405e-01
-6.210156962931330238e-01
-1.419663131881540030e+00
-4.125531910076757347e-01
-7.208628018801302439e-02
-6.355545173875831733e-02
-5.612637954564230203e-01
-8.064873060096147128e-01
-1.378975624930716570e+00
-6.094630338942216286e-01
-7.980492333867955645e-01
-7.119467027102567291e-01
8.796106772754207215e-02
-7.282873206208910766e-01
-1.341095794863267632e-01
-2.521729336617286599e-01
-8.346879575217940050e-02
-1.618224217531716858e-01
-2.392978236066890252e-01
-4.284081223429291874e-01
6.057409146154304341e-02
1.233850375326451809e-01
2.326788588092880139e-01
2.404655418526714938e-01
-5.272919200164000175e-01
-3.860520598548961013e-01
3.096195623193402982e-02
-4.062491043140799563e-01
-2.576894176510410306e-01
-1.174738488719452745e+00
1.151046650482684397e-01
-1.207602027408230666e-01
-4.841172944490007568e-01
-1.134618285901493710e-02
2.633353911175188855e-02
2.984055948066948738e-01
1.169076294463789606e-01
2.349742220608929677e-01
-5.153830695312868748e-01
-2.598217477974706143e-03
-3.721154190089461244e-01
-4.304893714011412409e-01
-2.287833788587405881e-01
2.420230141542112079e-01
2.514749260059753744e-01
6.153135808046062971e-01
-4.891823309803984832e-01
1.972068254807710364e-01
-3.330660328955218352e-01
-5.333565560957909818e-02
-5.042700281530362316e-01
7.445305753890502087e-01
-5.950640971967945392e-01
-9.573431290659702997e-01
-1.155900956548252090e+00
-8.406312014550050282e-01
-5.669117102905235628e-01
-4.886136264183042477e-01
-4.805991740167916970e-01
-6.608261170172105015e-01
-2.136533930777778922e-01
-6.238270723546055496e-01
-7.024585393896645713e-02
-9.512314141042984561e-01
-1.623346982945432559e+00
-9.979692802981591226e-01
4.360318394149771404e-01
-2.616367592466646852e-01
3.688973298371259757e-01
3.686077281025925551e-02
-1.536723863899347675e+00
-4.551925081950619068e-01
-8.099435978901559086e-01
-1.251742086741518323e+00
-6.031681100229431547e-02
-4.848662101696363247e-01
-4.154333044551642984e-01
4.132069852720490211e-01
-3.563007032944852104e-01
-4.906976262360666086e-01
-8.333501667101134158e-01
-5.275179689770231883e-01
2.636968520756126089e-01
-1.223749210668697573e+00
-7.683659149500851049e-01
-9.939689602283274805e-01
-1.667133607449627630e-01
-1.027071007843916861e-01
-3.928210273863388391e-01
-1.177962761078052756e+00
3.643041258084551703e-01
-1.630387335837784057e-01
3.599574611848557759e-01
-5.616090742340656972e-01
-2.109964131828265532e-01
2.181276939356214528e-01
-2.338384975573929714e-01
-5.859716357183213375e-01
-6.326277826148222205e-01
1.605607891110345242e-01
-5.626942798262496437e-01
-1.633534819465403132e+00
-1.248047612521150151e+00
1.092587437414155316e-01
-1.943102879754375012e+00
-9.257738830735223745e-01
-5.583687927901259673e-01
-2.285966333343119328e-01
-9.893331584052896810e-01
-3.100247574926691119e-01
-4.712177837871108221e-01
-4.372106694724288700e-01
-9.494104045938264180e-01
-6.129937180086156845e-01
-1.125700867118386794e+00
-2.766972247508227567e-01
-4.170138402733177818e-01
2.400251597944846882e-01
-8.241986183630406471e-01
-2.437996793493691361e-01
-1.405336449959785350e+00
-4.739968912533106815e-01
1.033834813657406732e-01
-2.589710416920765548e-02
-4.498380630410654391e-01
-1.056230530252070254e+00
-4.395737794644080654e-01
-8.628663703420433873e-01
-3.688487591744576410e-01
-7.189316059542518733e-01
1.277557899412226639e-01
-2.805666892027501233e-02
-7.444031356763702867e-01
6.962767222238631926e-02
-6.641940901966149058e-01
1.126461932364062613e-01
-4.412641180493698800e-01
-3.461070487589523736e-01
-1.469008938616621074e-01
-5.742692557315675073e-01
-2.349076209948868232e-01
-2.924658258139089528e-01
-4.353318831106433029e-01
-7.600239392809989836e-01
-6.948587575686302475e-01
-2.551377845515866993e-01
-1.336093401713543405e-01
-4.339648291047253914e-01
-3.261698902845157622e-01
-5.132308670365192116e-01
1.187392552987709265e-01
-6.362982939712115149e-01
1.108026126334060420e-03
8.077540862031307167e-02
-2.946258108399080755e-01
-8.873637760975246203e-02
-5.240259961914718323e-01
-5.148542593044037607e-01
-2.948266531576501093e-01
-1.056105452147083179e+00
-1.550664798179086645e-01
-6.892463829802323305e-01
-1.290289456418996616e+00
-9.647687168654863754e-01
-2.730905651760174302e-01
-2.738054638494719639e-01
-1.454750773559148058e-01
1.645747325736433286e-01
-6.838643659276204545e-01
-9.542288245867592833e-01
-5.302069750089983824e-01
1.388492478970861643e-01
-8.052064836612536913e-01
-4.637246324555909793e-01
-7.104881394099089587e-01
-9.124490221293368730e-01
-1.242180934858517993e+00
-1.461463745709632445e+00
-1.000592973465131763e+00
-2.638252160070386765e-01
-1.176804901397237701e+00
-6.744491596989737880e-01
1.928788106198064678e-01
7.841108731166666901e-02
-7.097126221757826814e-01
-1.592041879384997471e-01
-2.166338988215321948e-01
-2.937779186513573282e-01
-2.333904938452537881e-01
-5.193653605976280563e-01
-1.804611966819403002e-01
-2.339808211451044617e-01
2.014674146123388021e-02
-3.786174011148173424e-01
1.082525841146147194e-01
1.378070798269023269e-02
-2.910549283134984400e-01
-1.277679463663637105e-01
-7.510400712660784128e-01
-6.577164659904531918e-01
-1.026429411007513531e-01
-4.295443604841439611e-01
1.540610757972823985e-01
2.131182103836673503e-01
-7.083610451320782042e-01
-2.374544807933700041e-01
-3.126300450239767881e-01
-4.033527381849605353e-01
-3.716959666025363429e-01
2.650657585877180811e-01
-8.614705719754989222e-02
-1.613690008869134718e-01
-1.816132228578315744e-01
-1.738060802854013431e-01
4.114329658128249578e-01
2.847685115259500077e-01
-5.710648208808283277e-01
-3.618769597841713787e-02
-1.911323492919018707e-01
-1.186240677887918787e-01
-9.144915544574591659e-02
2.274194847107360862e-01
2.324792039339277083e-01
-4.719608893399444560e-01
-1.723755025426406406e-01
-4.416968019058997719e-01
1.933881937614687907e-01
7.969130552923256450e-02
-1.252379488764448823e+00
-3.873074910585328490e-01
-6.309963909686927552e-01
4.514079496167111571e-03
-9.836982602148600652e-01
-2.405592870964793073e-01
-2.097020216195741860e-01
-1.613947980476105881e-01
-9.590643664948647062e-01
-2.140298755603197711e-01
-1.067528177452258947e-01
-2.428202765104095218e-01
-9.753763566394159090e-01
-1.769781318142286675e-01
-1.139214666383403102e-01
-7.539352866887938376e-01
2.150653469199142187e-01
-9.749445078429557210e-01
-2.509479884590830601e-01
-6.641407196309876415e-01
4.662914134151207451e-02
3.533693448414582106e-01
-1.012627165978172483e+00
-5.644527205956779703e-01
1.449200736603898088e-01
-1.043168229909356759e+00
-7.205909423941125880e-02
-2.765405647622307117e-01
-1.389631577503577464e+00
-1.001676284453250299e+00
2.540325802534863509e-01
-1.039990721776675064e+00
-3.755464494290126631e-01
-4.738293523706820221e-01
-1.116856354865506606e+00
-1.384385812148434258e-01
-6.389924144681552454e-01
5.062308498432753767e-01
-4.621615228344408965e-01
-2.213100622187651745e-01
-1.478607221843639019e+00
-1.162778531427699491e-01
-1.359235299744203873e+00
-8.899968525191689350e-01
-5.005216068663771445e-01
-2.236495985048940760e-01
-2.475731193143124453e-01
-4.017117154784792254e-01
-1.941045637048125772e-01
-7.054221263282944854e-01
-7.450094916618229535e-01
4.123482680460919814e-01
-4.364732579624637232e-01
-1.135855162955151432e+00
-1.050902647783177102e+00
-2.143004706999534215e-01
-6.196055472846115908e-01
-1.480376016672556139e+00
-8.814156059753199823e-01
-1.425604745155513609e+00
-2.308956735612322508e-01
-1.737890232682005043e-01
-1.138748090086207032e+00
-1.446919320503070816e+00
2.386553226066067124e-01
-5.336229293278611507e-01
-4.873731479910340392e-01
-4.830002990715092648e-01
8.442629804085632905e-02
-5.289973541604804375e-01
-9.106098936912586650e-01
-5.402194419341150855e-01
-5.388176002998378289e-01
-1.573628381540157273e+00
-6.052341939127227066e-01
-1.412558840065943622e-01
-7.571733694671718418e-01
-3.594350032370457471e-01
-3.996836932615192572e-01
2.972963550761328344e-01
-1.396901013882735076e-01
-4.285990710209998666e-01
2.343853920045907979e-01
2.355845463432293396e-01
-1.282460359867662270e+00
-1.218494297732561016e+00
-4.788952840397803778e-01
-5.412725478450790551e-01
-1.076053808206597906e-01
-2.824759019096807489e-01
1.646626936956014642e-01
-9.501187497360789047e-01
-5.515801905122117432e-01
1.089377031240747751e-01
2.353754710349941770e-01
-6.195114056549954479e-02
-5.424654042097506318e-02
-1.047239549729962471e-01
-4.132188727418676932e-01
-2.463244321979649876e-01
2.814445841378128144e-01
-6.860515003136565815e-01
2.550114557115683300e-02
-1.216686210073171459e+00
-4.088569422527603137e-01
-6.062699702015527103e-01
-4.143676107726134150e-01
-6.466647546674476610e-01
5.806964069151735082e-03
3.624863597146777416e-01
-3.773338980877494753e-01
-1.089341339416002752e+00
-1.378817404523108969e+00
1.222487102474229953e-01
-4.032434198526577140e-01
-1.284096110479618913e+00
-1.142715313751794692e+00
-5.392242095089039289e-01
-1.389141964267576190e+00
-4.174637575899173836e-01
-8.359228607744582096e-01
-5.653616818264985966e-01
-2.933314022864193515e-01
-6.303729377529452282e-01
-8.990006305835221978e-01
-2.275476356300582814e-01
-9.189698728034965125e-01
-4.803526836245780585e-01
1.206521227176963890e-01
2.919875327814649632e-02
-4.851140776490904805e-01
-5.925655910862362985e-01
7.846639541405750484e-02
-1.107585210653823760e+00
-1.045805890217113010e+00
3.489929693388500453e-01
1.393332352915672701e-01
1.592714551930980993e-01
-7.786184952401349335e-01
-6.223573571514463554e-01
-7.478498301829747952e-01
3.033976600048094580e-02
7.573627309846976685e-02
-1.078770819818650972e+00
-5.021076246679964106e-01
8.033846430123428584e-02
1.500527765536807494e-02
-1.238064567955811324e+00
-7.738426522556821618e-01
3.465629154081174002e-01
-4.210206031280124273e-01
-1.710321833824786086e-01
-5.572311544478201345e-02
-7.826231143752622188e-01
-1.183787606443584550e-01
-1.027972621307065904e+00
-1.437800064663790622e-01
-9.279295748749201156e-01
-9.182785400886206428e-01
-5.052621706406168478e-01
-6.498527606166790704e-01
-3.787202147797531504e-01
-1.241345552384241158e+00
-1.699256883201326063e-01
-4.797322597461325389e-01
-6.049505525575259446e-01
-1.202990883888990670e+00
-1.085110622303280925e+00
-1.053306279240705967e+00
-8.671955086047669625e-02
-9.407570843774972769e-01
-7.106233680093992922e-01
-1.234547909048262282e+00
-5.957377507225566360e-01
1.957136467684361114e-01
-5.031971046926647650e-01
-5.989936155278577923e-01
2.039350985998902577e-01
-5.319754009881106915e-01
-3.737106683155861364e-01
3.598238332009547069e-02
-4.591628899019228882e-01
-8.493292636949040242e-01
-1.089425551741480813e+00
-8.175798102094232744e-01
4.134859830401448749e-02
-8.106316851120316802e-02
-6.874183197029312686e-02
9.102080749580714059e-02
-4.131097973965838221e-01
-9.232525789774369551e-01
1.217936998567940854e-02
-5.502875428971691907e-01
-1.326319523417637036e+00
-5.273164689914298098e-01
-1.317787836539610291e+00
-1.176794881841118023e+00
-1.045419551902418531e+00
4.690126327397688422e-01
1.818819132887375123e-01
-3.458034078132449785e-01
1.737113553420897849e-01
-1.900472563642453538e-01
-3.266425885561383691e-01
-1.214460338798848196e-02
-3.245621986723639107e-01
-2.462415621307165736e-01
-2.333632874646501543e-01
-5.746246527540459503e-01
-8.426274537371765128e-01
-4.490107240719421466e-01
-4.032569318737347364e-01
-4.302358854531185273e-01
-4.210102799455157641e-01
-4.267018772778488622e-01
-3.453942575145062532e-01
-3.810586134119854917e-01
-4.317227766476358086e-01
1.394981874954562828e-01
-8.609550376893500279e-02
-2.693018128807535549e-01
-1.264123815114263361e-01
-4.098600173136459079e-01
-1.962856463850173594e-01
-4.520712937310444879e-01
-4.869145287559579760e-01
-1.277994873603864878e-01
-1.188863670977391429e-01
-1.305545918020946661e-01
-8.163590382420223002e-02
3.655946363894281292e-01
-2.016708757236904404e-01
-2.419561253726922878e-01
3.692250803510886414e-01
-1.079382720408327556e-01
-1.253829374021463439e-01
-9.710875432514878280e-01
3.186182550381771311e-02
-5.258218115005869331e-01
-9.222656264480388888e-02
-1.866661640118811583e-01
-1.363766981675483825e-01
-1.050729098971067421e-01
2.166299415225516889e-01
-3.620151232885391868e-01
-5.466139829925189403e-02
-4.965290438389338701e-01
-4.492776970295678934e-02
-3.201757588413576827e-01
-9.184551347459686543e-02
-2.459526124189609642e-01
-3.939697752926060170e-01
-3.249808839588615994e-01
-3.199406229241541499e-01
-2.201547469004612734e-01
1.581778370761228181e-01
-7.297080772390041048e-01
-4.970399888088936624e-01
-5.643530016127387139e-01
-3.848292326147928488e-02
-4.692709354408116651e-01
-6.028639669872692952e-01
1.533198758438802933e-01
5.781734156629316640e-02
-5.065332463137715013e-01
-6.804675445023844471e-01
-6.261536912422251133e-02
6.083810264353137903e-02
-3.340479989994856180e-01
-2.613034963100394070e-01
5.471958000574974612e-01
2.699639864358930885e-01
-4.798719879291281631e-01
-9.967059404974532022e-01
-7.266466132102883391e-01
-2.504646214316237351e-01
-7.662938182211994631e-01
-2.086619718408412871e-01
-4.336153108196410394e-02
3.141252485987351961e-01
-1.014214287766387057e-01
-7.766055515532528375e-01
-5.740221054033067816e-01
-5.934489348457080427e-01
-7.345568683919374564e-01
-8.014450461555820970e-01
-5.963911441635616484e-01
-1.851510911248241409e-01
-1.472267680969435721e-01
-7.885935146669352802e-01
-1.929367328570656681e-01
-9.694245847213772693e-01
-2.853027476364015658e-01
6.066575280327633768e-02
2.639840108192141321e-01
-1.125250390722396243e-01
-6.984425480990481827e-02
-1.903463159161725982e-01
-3.420079795954381052e-02
-5.137266343579017791e-01
-4.003085621353701384e-01
-4.916128159735779768e-01
-3.663191594664950701e-01
-5.467371293566893886e-01
-3.338778731849709885e-02
-3.353427007673889793e-01
-8.602490642493565431e-01
-2.554833931924997345e-02
-1.222040793912431367e+00
-9.950042340458097323e-01
-9.683346069870207851e-01
-6.418731281611317341e-01
-8.052312897965012428e-02
-9.263908952513534301e-01
-9.856006624683169015e-01
-1.633888610988393497e-01
-8.348375853488163578e-01
-2.959270092779033856e-01
-4.359524959700590285e-01
-1.159948160771046705e-01
-2.133002126666566078e-01
-1.505309449227099083e-01
-2.115063007383702343e-01
-3.774009599851818608e-01
-4.679434500574027322e-01
-2.712210516761244250e-01
1.418765245776854311e-01
-1.902675073654866156e-01
-8.006660797276529129e-01
-1.460694236817862701e-01
4.892737046782261734e-01
-7.510385943162686262e-01
-1.155355105229004087e+00
5.436121232640185597e-02
-5.992943475734711090e-01
2.314189349405369189e-01
-5.419365138244345292e-01
-2.746908239547250496e-01
-4.842246100961252742e-01
-1.177472449926543208e+00
-6.341923031701949265e-01
-2.853635669264694211e-02
-5.043382526659111464e-01
-3.201239446162933988e-01
-1.179663504362360588e-01
-7.377012213685544273e-01
-1.057652092294970314e-01
4.193256500921321850e-01
-5.496700324876636623e-01
-2.894580196517658188e-01
-1.169187348910585067e+00
-4.502970023145651535e-01
-6.686442315842200390e-01
-1.535235647841653173e-01
-2.752651637016271802e-01
-3.685502417307338074e-01
-1.292548748447708840e-01
-5.731271599106032566e-01
4.146482203377778730e-01
-3.421097268196467422e-01
8.050839490121895065e-03
-6.689304933614196313e-01
-1.156457500624832546e+00
4.833300645675343843e-02
-3.339281794657056879e-01
-1.890438531622559704e-01
-3.856820492862583771e-01
-1.094695957057196134e+00
-2.640848715277515080e-01
-1.219114432338391119e+00
5.157191662173498531e-02
-5.545320668429222222e-01
-4.545492968010352852e-01
-5.556496086972523285e-01
-1.303541997782202921e+00
-9.403445209335905552e-01
8.213302643565151273e-02
-3.818036545098383860e-01
-1.111333115319592002e+00
-5.647308139859080756e-01
1.237189703351370892e-02
2.554458734842462997e-01
-6.698127412020702387e-01
-3.314077490196823406e-01
-6.394404295166447039e-01
1.921604460772226575e-01
-1.442201107831939284e-02
-3.796928057058439332e-02
-3.618073052489548802e-01
-1.496429421310537244e-01
-5.549997415025541975e-02
-7.873850349147150096e-01
-2.928131526073161559e-02
1.880196383521941794e-01
-7.860204178507151918e-01
-7.176091450984587450e-01
-7.277713127761657741e-02
-1.174773227711140233e+00
-7.388607455562072879e-01
3.366347041488829683e-01
-4.315950660849091625e-01
-1.131239712439713996e+00
-1.278954790738135450e-01
-8.029714820572902978e-01
-1.056825795751853203e+00
-1.478039832457860969e+00
-1.017074907794346394e+00
-5.377520432229745406e-01
-5.348873937155420588e-01
-1.213299544425579191e+00
-1.461066402330803315e+00
-7.350565344307211646e-01
-5.065680052001712008e-01
-1.020296090449948734e+00
-1.257342213792092878e+00
-5.814902474168717195e-01
3.457506135752807519e-01
-8.358309119538519516e-01
-7.373559742804071115e-01
4.518126366892776663e-02
-1.761958473830708416e-01
-8.948710634909395889e-01
2.713269905185591857e-01
-7.920301900378743376e-01
3.468798907941664234e-01
-6.008226178681635998e-01
-4.518371474121579690e-02
-6.873126038234351753e-01
1.932289031990165329e-01
-7.950404372625626825e-01
-1.235954167790529468e+00
-1.793219724660412684e+00
-1.338771850022359100e+00
-1.435732914090343426e+00
-1.518915005587666289e-01
-9.473414794205985423e-01
-8.477744878494938296e-01
-6.190151376688475260e-01
-1.042449798629464075e+00
3.247020410610923502e-02
-4.141125228837810868e-02
-1.883702670992345451e-01
-4.539160790060391415e-01
-8.587673867959240426e-02
-3.678455060078762995e-01
-8.257602409200525129e-01
-4.510914329715693394e-01
-4.910570369598409868e-01
-9.686020327555573406e-01
-7.767907355162457783e-01
1.115460801561650311e-01
-2.724467033322767184e-01
-1.320027778144726716e+00
-1.272820931317671489e+00
-1.014075855749002830e+00
2.752428417979270736e-01
-1.041721727658327046e+00
-1.316944485365098449e+00
-1.726204457563677019e+00
-1.073045229772050746e+00
-6.429191954722672797e-01
-1.170624509039419836e+00
-1.584167490442246251e+00
-1.431774745655121750e+00
-1.838876316701671509e+00
-1.288267222029249037e+00
-1.647297227560574173e+00
-4.744507887174385652e-01
-9.304566009429966478e-01
-2.682125447651924066e-01
-1.557696446260992129e+00
-1.621293600196648033e+00
8.143722096379933661e-02
-7.471027624533975731e-01
-3.499004175014321927e-01
-8.744227787212942304e-02
-1.198640375663662772e+00
-1.095160426056783765e+00
-1.104149591207467695e+00
-6.417418327397056421e-01
-1.126385795169620452e-01
-3.225446514345717275e-01
-9.404210152991032690e-01
-8.824614107711705735e-01
7.628233077294041542e-02
2.608522708385084821e-01
-4.506043766813233598e-02
3.332903706062342875e-01
-2.817933449137977053e-01
-3.026899185342610821e-01
-3.386775385729892673e-01
-5.433667803739394842e-01
1.624109158985776180e-01
-4.340018883503099500e-01
-3.709943018108769613e-02
-4.802254113665813118e-01
-6.476445252250624396e-01
-7.002181937052155414e-01
-2.190711948937849873e-01
-6.957039667945141836e-01
-6.639602564273302532e-01
-2.164295981854657269e-01
-5.118363553542237820e-01
-5.790338592314920874e-01
-1.043966362202012887e-01
-8.931099727356316409e-01
-3.734933226203749901e-01
-3.928640824201159454e-01
-5.537037336889883976e-01
1.449137410835395490e-01
-5.254618640610994040e-01
1.023276774552669133e-01
-2.858699037631661777e-01
-1.350031242622228289e-01
-4.228086193702040863e-01
-2.983596030951035094e-01
-7.121869980226277486e-01
-1.055738637854026774e+00
-4.462855581953159012e-01
-4.621137356887340952e-01
-3.473638219709228037e-01
-2.023014896353332037e-01
2.518333890450258905e-01
-7.645786187374503662e-01
-2.882293733058339247e-01
-1.087457985926761628e-01
3.269913293078560712e-02
-1.288655387576845002e-01
2.273486949600655310e-02
3.401256312617252364e-01
-3.251242296723533820e-01
2.044018625593194138e-01
1.783783706720804552e-01
-1.271714506829502156e-01
3.452358865674851618e-01
1.624832790119342119e-01
-5.856788826382048480e-02
3.135328113014226176e-02
6.756194876890762868e-02
-2.080427253150054778e-01
1.394757884744498022e-01
-1.031624671236173324e-01
-5.131054702184402183e-01
-2.169179704246137763e-01
-1.654564920116709525e-01
-3.872973354163351811e-02
-3.026578327983373007e-01
-3.858346689828076048e-01
-5.816164102575640538e-01
1.087165793739402059e-01
-3.923013580950263091e-01
-2.901660415524912051e-01
-3.665124370899964235e-01
-1.464335211221006461e-01
-1.795027688526087684e-01
-5.599235272378394468e-01
-1.327564012299229601e+00
-3.214453331161587490e-01
-1.193394828164008548e+00
1.934646248740364283e-01
-5.748582549255951135e-02
-8.875258353549801971e-01
-2.440166707462337603e-01
-1.032136490393201766e+00
-4.734787169008084495e-01
-3.152861818651617742e-01
-6.071596137003616445e-01
-2.016150876179501339e-01
-8.212986429135147801e-04
-2.383861111916668607e-01
-4.105034811303543418e-01
6.982572892405526643e-02
-1.904135942570233109e-01
2.674038278734581775e-01
-1.492406932096301542e-01
-6.623770164133135907e-02
-3.322942450336374143e-01
-1.392753656165527099e-01
-2.255219190442047661e-01
-6.045404111874519426e-01
-1.874306759179568127e-01
3.893550810881753477e-01
-1.396716988659941205e-01
-7.806579382489512442e-01
-2.068358850248442349e-01
-5.668571006192336670e-01
-1.056643092843745357e-01
-6.558066781737507123e-01
1.618452038457864339e-01
-1.848284713865258333e-01
3.045569450674986411e-01
-1.383391036361468485e-01
1.524466667505822992e-01
-3.207709190982716008e-01
-6.230754113611315370e-01
-1.784090453192691994e+00
-5.306810876437890734e-01
-4.020498182563999462e-02
-9.948138582572438882e-01
-3.421788921281607720e-01
-2.597775111532495962e-01
-1.109536793314988001e+00
-4.350360131345544779e-01
3.330726773027031101e-02
-3.844043786597756696e-01
-7.555769644865562018e-02
-3.758837278043720143e-01
-1.484641231514510995e+00
-9.045702023055345320e-01
-3.700263692940019555e-01
-3.303548717466058271e-01
-1.366671656282547886e-01
-6.396660275320575906e-01
1.155075407527187889e-02
-6.666524469204261616e-02
-8.325060277300406764e-01
-3.156870822735104998e-01
2.213970672371180226e-01
-1.441052779073570822e-01
-1.808188528165264597e-01
8.247293379550121872e-02
3.391500112922633536e-01
-1.688659124416959645e-01
4.579573443716484366e-02
-1.758932420396829843e-01
-4.030289172649854090e-01
-3.942059809423070216e-01
-8.768202570464138645e-01
-2.882876263831304908e-01
-1.206189912631884936e-01
-9.383612934763220226e-01
3.180282067327840911e-01
2.295959739909335662e-01
-1.219994442727987960e-01
-7.293747351989069427e-01
-6.655636289616053691e-01
-1.884701322527951306e-01
1.190536149967740681e-01
-4.852181533365426680e-01
-2.602027446032772594e-03
-4.064878980367930827e-01
-6.317021013019068487e-01
3.982184055431365471e-02
-6.521279929326823099e-01
-4.302310683599564478e-01
-2.194355071689290393e-01
-1.002195139647766409e+00
1.852371670587791286e-01
-1.398079626023610578e-01
-1.052575141304956885e+00
-1.113018978980855112e+00
2.139176080828541771e-01
-8.943772656066303339e-01
-9.880769173713065401e-01
-1.093438690710735628e+00
-1.310846206124566482e+00
9.437883157917808380e-03
3.530946887803533829e-01
3.164918187753014145e-01
-2.268926782326119718e-01
-1.107736663812678879e+00
-4.960657748800031269e-02
-4.915966136485189208e-01
4.690060666701100223e-01
-1.966187009855942802e-01
-4.011153142451824305e-01
-9.158404172685613576e-01
-3.780419145960280392e-01
-5.009965822985347206e-01
-1.952369982321259523e-01
-3.010375083886502323e-01
-1.138691164513138954e-01
-2.584156480958074154e-01
-1.216552924463144780e+00
-3.966284699348719411e-01
-3.418959481599245787e-01
-1.135660107289899745e-01
-8.261261600566565111e-01
-6.205258119305501197e-01
3.669767755563507206e-01
-8.558913824939829995e-01
-2.594885920010537306e-01
-2.221507288156936710e-01
-6.716385131082308613e-02
-1.988539391970236547e-01
-4.442521667265588725e-01
-9.580535754713176422e-01
-7.923693826821156527e-01
-4.676700672522514091e-01
3.263462006744334842e-01
-5.427660452690733495e-01
-1.772266380328045010e-01
-9.299334898812458561e-02
2.679803871218311984e-01
-3.093909140393421436e-02
-3.244302415439258569e-01
-2.557793008214847008e-01
2.249218665158700670e-01
-2.721745676932857960e-01
-2.983203470583569716e-01
-9.196737037592449537e-01
1.790765565713132723e-01
-4.542096972302239188e-01
-9.966286915739347441e-01
-6.543944110828241456e-01
-7.682469589940553734e-01
-1.159776353947528371e-01
-7.454894981237872864e-01
-2.480440074509756010e-01
-8.072880260884980341e-01
-1.427175797460628059e-01
-1.244447836789458056e-01
-1.153497054634950336e+00
-6.345049943833822592e-01
-6.648478779746137546e-01
-7.963975302057186845e-01
-7.344878073067383495e-01
-1.774686466205020463e-01
-1.406099701168489202e-01
3.381380966355768125e-02
-8.331992993662672431e-01
2.714182171579005431e-01
1.445900070333699106e-01
-2.995617945314479891e-01
-3.341333386061187127e-01
1.034111777932183313e-01
-4.909784322459850303e-01
-9.940181375674710385e-01
1.046182485930466644e-01
-1.565237440639316302e-01
-5.547588102746849881e-01
-1.255407233169702763e-01
-1.303538489924574106e+00
-4.887850148985019016e-01
-8.481619496868244568e-01
-8.648966189832916207e-01
-6.098969917646249739e-01
-5.925712499618295270e-01
-1.043115606000257767e-01
-1.135195158145147154e+00
-1.175790587980078072e+00
-1.612900714793708890e+00
-4.783606873985037922e-01
-6.547594105957939004e-01
-6.404576128263781420e-01
-9.297055316922002710e-01
-2.379896296228001251e-02
-9.655897121060139643e-01
-3.135509367137901404e-01
-2.942697794289977214e-02
-1.495528054718847921e-01
-1.268540710301255592e+00
-9.551476768512839888e-01
-5.156096246374606284e-01
-5.172698997696270062e-01
-1.335974506139229634e+00
3.183339864565780108e-01
-7.687149631692570262e-01
-8.448282000029864180e-01
-4.917425671204113113e-01
-9.632684164827032269e-01
-1.152799129667840150e+00
-7.995367376447043428e-01
-3.552809397490168108e-01
-5.022289040956511297e-01
-5.752935244494738337e-02
-4.384615830250291335e-01
-5.758393604317680881e-01
-1.272396609983963423e+00
-6.703797064324533705e-01
-1.211889343231853822e+00
3.937865459171914218e-01
-2.979507492662561430e-01
-1.070166034631281349e+00
-9.907505234737435940e-01
-8.664469347557370860e-01
-1.206849772497435413e+00
-1.295575883375521542e+00
