-8.072900761473476017e-01
-1.022065008636842798e+00
-7.327907936335716910e-01
-1.010070660453290081e+00
-9.798127261242359776e-01
-3.149100181617944805e-01
-1.168927515788906302e+00
-1.059211844278152403e+00
-8.193217720884354849e-01
-1.015898550279592083e+00
-9.058419924120040267e-01
-3.870848166865925588e-01
-1.258582694385256495e+00
-1.171470710912619007e+00
-7.841504977077962124e-01
-6.720182552047084812e-01
-1.289311228265050957e+00
-1.011174237972795487e+00
-1.977424299705621280e-01
-1.088697735779162068e+00
-1.358187569738514178e+00
-1.237079073048454436e+00
-5.741068517100726964e-01
-7.622974273306528659e-01
-1.384735374017380005e+00
-4.294360802313822445e-01
-7.001141312894582081e-01
-1.272406382210434117e+00
-1.319628388780633710e+00
-1.588878301746850408e+00
-1.517063624937816657e+00
-1.478168092622186958e+00
-1.281304651156778940e+00
-1.286217775079429693e+00
-1.611438639564607200e+00
-1.646211451145530802e+00
-8.210584076219217264e-01
-1.613400711724838787e+00
-6.381139251878505947e-01
-7.573186663623817649e-01
-1.204610632533092085e+00
-5.569158188399986331e-01
-4.662559378460386927e-01
-1.289136090374829680e+00
-1.213725342444627708e+00
-7.074884385391992936e-01
-1.009206363136677220e+00
-1.826463639575030440e+00
-1.243756542361501571e+00
-8.864512030818560984e-01
-7.731229197799208697e-01
-7.523308136395328027e-01
-1.485466275688204441e+00
-1.380317963099791267e+00
-1.286221311656678523e+00
-8.099610023310870321e-01
-1.447940913926785367e+00
-1.249591980432825267e+00
-6.624499121616052033e-01
-1.009014506551122237e+00
-1.597063836951516880e+00
-7.417329845938364086e-01
-4.992676163111487431e-01
-8.590616938389288304e-01
-9.057712783711932003e-01
-9.702219370378273311e-01
-1.116281657623235946e+00
-7.391131023348354034e-01
-1.408148160633722501e+00
-1.598051264599672061e+00
-1.243063328219837560e+00
-1.313330673745770838e+00
-9.898519051109974098e-01
-8.398380440249331169e-01
-6.023349413879446335e-01
-1.157221157793773880e+00
-1.235027537241255136e+00
-1.396305629256266778e+00
-1.494883386323770935e+00
-1.296482281606051279e+00
-1.078456874418925793e+00
-9.494388126697905772e-01
-1.390614797674794900e+00
-1.203460650814851540e+00
-8.580247719786110450e-01
-8.948758374645520153e-01
-1.041605442423116035e+00
-1.405616202130958170e+00
-5.629569035841528457e-01
-1.132347458075945390e+00
-8.469917359974611371e-01
-4.700968652891800992e-01
-7.612782361620908933e-01
-6.017279216273211384e-01
-1.714847796850292649e+00
-1.149173738909655240e+00
-4.524873028017862842e-01
-1.664721133881131410e+00
-1.285378515929596510e+00
-1.600307654724663076e+00
-7.014974165627839708e-01
-6.732236599453266246e-01
-5.914772645864230238e-01
-1.240374013822353128e+00
-1.289955375079016475e+00
-1.002889532885107959e+00
-6.491924573196229398e-01
-8.510836377184307633e-01
-7.347812051468628480e-01
-9.013609032611259453e-01
-8.719396227209270656e-01
-1.275576727526215537e+00
-1.179996069855788088e+00
-7.686637865382804913e-01
-5.651927166957357862e-01
-8.452084585087279445e-01
-1.185539398604706030e+00
-1.228231914593809870e+00
-1.223150924182478949e+00
-8.155184826735361048e-01
-8.254334425794532804e-01
-1.200914378230939050e+00
-1.116753320716545428e+00
-1.367648730809350566e+00
-8.479806419146364016e-01
-1.204934213506893226e+00
-1.466623282123259875e+00
-1.179099723694567503e+00
-1.306386056058969514e+00
-7.276647412979589946e-01
