-4.228440088762871474e-01
-1.367872780752167061e-01
-9.085474695135494771e-01
-7.155124544229258809e-01
-9.469381571461726876e-02
-4.486484056978598534e-01
-5.181739202008405210e-01
-5.931052725219154720e-02
1.211443475078159346e-02
-4.407014713148782459e-01
-2.601289004796796811e-01
-3.185584170416369543e-01
-8.739551250400028753e-03
-7.373050216925832734e-01
1.313619992040100139e-02
-5.941249234958955183e-01
-1.452237014574042862e+00
-8.740389520879474627e-01
-1.390831310628849737e-01
-1.333264297512872787e-01
-8.320966918344144814e-01
-1.144336725537110633e+00
-3.750198307840036382e-01
-7.263447827152731406e-01
-1.081221782420209943e+00
-7.202721335151234250e-01
-6.602564416963682126e-01
-6.915442624586645159e-01
-3.125184138245226673e-01
-2.860097401318564270e-01
-8.523849205614653091e-01
-7.357946093545835176e-01
-4.879195848173561445e-01
-9.975086258019738583e-02
-6.521674623687001571e-01
8.329949403523301266e-02
-5.004261765872548562e-01
-1.053908445040303787e+00
-2.705590711437936835e-01
-4.168039078324876634e-01
-2.584358650181276529e-01
-4.574263954411828537e-01
-4.840764733632485495e-01
-7.772074484863452648e-01
-3.183250429010191507e-01
-1.066252492930875428e+00
-7.834915955784590436e-01
-3.512266676078374394e-01
-7.667863997866132264e-01
-2.176277405158106026e-01
-5.846803575731779334e-01
-5.783059739317825132e-01
-1.175612321006730854e+00
-8.708862211563220823e-01
-5.538207911740277156e-01
-8.365901544982070615e-01
-4.784471490063199051e-01
2.780204241048849778e-01
1.498323086181738983e-01
-1.145263473355083494e+00
-5.309038536535265473e-01
-5.921117815801979489e-01
-5.057005510064740417e-01
-7.067266136788945552e-01
-4.899297875956898918e-01
1.530726206409090129e-01
-5.316016002057670775e-01
-3.767477950387925767e-01
-4.359401469508939475e-01
-3.115997272682825003e-01
-7.853624036032280653e-01
-1.870656015572171871e-01
-4.790412580295956291e-01
-2.871295399241474700e-01
-6.092731901550515472e-01
3.885399072141949850e-02
-5.088832786894226246e-01
-5.345797796201413599e-01
-3.949511085909622188e-01
-8.290152449878849250e-01
-7.741320770969787324e-01
-4.669510109156345123e-01
-3.513562408623510658e-01
-7.922207273361434599e-01
-9.462199991118287468e-01
3.792132831692441620e-03
-2.118123655110361603e-01
-8.829554268485982904e-01
-5.366812214544885995e-01
-2.574022046466203917e-01
-5.563122710354959644e-01
-2.777784601531447378e-02
-6.619488847564358736e-01
-1.857532186476676672e-01
-9.796557558888707024e-03
-5.256875115284036920e-02
-5.522462407081690783e-01
-4.033587236552684252e-01
-5.061454877415151321e-01
-8.266081572964734114e-01
-2.480165946470588023e-01
-6.584275959779201104e-01
-2.432005516458309868e-01
-2.597251404984714518e-01
-4.647670341171390718e-02
-3.922977653200617199e-01
-6.111850590037776199e-01
-4.449801370683693635e-01
-5.857030123140429811e-01
-5.503291485361024860e-01
-1.470680308343876586e-01
-2.921739736171138913e-01
-2.068765228328002803e-01
-9.073764081527849190e-02
-4.048771975132155199e-02
-1.701673500861378696e-01
-6.933899884341150344e-01
-1.241995709233925521e-01
1.739057822266189268e-02
