-1.275461689296878198e+00
-1.269227704124318068e+00
-1.721801699450464795e+00
-1.730460666622006594e+00
-1.581396410510161887e+00
-1.474430844551277042e+00
-1.535308517121908300e+00
-1.616396588364729103e+00
-1.932065217026002868e+00
-1.573040375096453891e+00
-1.264794865106470656e+00
-1.693719750868592389e+00
-2.094797987868854128e-01
-1.042182255979051009e+00
-1.599639447017163096e+00
-1.209760321289199636e+00
-1.361371382930318674e+00
-3.171551763646475175e-01
-1.499568384984424352e+00
-5.630589177386555177e-02
-1.526060644031487890e+00
-1.209918473955098772e+00
-3.187104592730082842e-01
-1.244916264460834920e+00
-1.188606200835712778e+00
-1.573623924683701603e+00
-1.206331951322910712e+00
-9.586824981583316752e-02
-1.632985381192656016e+00
-1.677251369991834995e+00
-1.250201315997041540e+00
-1.323304901025041724e+00
-1.531860405148893989e+00
-1.605507155471751046e+00
-1.548181245668948547e+00
-1.548061090336773082e+00
-1.397929365419079639e+00
-1.522497641572402971e+00
-1.363687017133625723e+00
-1.707205984338316940e+00
-1.697989401647838070e+00
-1.627442902918940115e+00
-1.330735829393375314e+00
-1.460731696639247179e+00
-1.409215005327838499e+00
-1.287580687785776279e+00
-1.127865409594450030e+00
-1.815083939667137436e+00
-1.781102107378370381e+00
-1.512148888012775805e+00
-1.565407956575760595e+00
-1.658467849622390577e+00
-1.478065909930513788e+00
-1.508269993237522311e+00
-1.122877556434033197e+00
-1.421664944926610774e+00
-1.407642560055622827e+00
-8.893308014266532169e-01
-1.044274934689063628e+00
-1.508841782884840610e+00
-1.119231202500583944e+00
-1.344682231122173111e+00
-2.374508662723194607e+00
-1.488063950200510188e+00
-1.666871302788486942e+00
-1.776686525745414080e+00
-1.846143226747574140e+00
-1.607850568997046814e+00
-1.661273632797013899e+00
-1.408488492205910880e+00
-1.471268530605393421e+00
-1.119513698368443722e+00
-1.600881785677936708e+00
-1.095404026798477926e+00
-6.040901676556187372e-01
-1.481224105399610025e+00
-1.818486920859300193e+00
-1.590056283384775559e+00
-1.644187132901837822e+00
-1.797017102120930021e+00
-1.566180482309402544e+00
-1.618307051906696659e+00
-1.537985178318532098e+00
-1.275298962566807859e+00
-1.518857494699015209e+00
-1.688874445367427590e+00
-1.003905110420626690e+00
-1.148459276101567061e+00
-1.222301692997076694e+00
-7.914376419008126717e-01
-1.156581621925518721e+00
-8.289769573046257278e-01
-1.194696276609345853e+00
-3.294156253241953269e-01
-2.765759936274445052e-01
-6.526795076867918377e-01
-6.026943255203459637e-01
-4.103721760916737571e-01
-4.380361434732873982e-01
-2.472334037401716644e-01
-4.402854455254649746e-02
-2.018636466969646673e-02
-1.884766001615769404e-01
-1.535785166259387990e+00
-1.223728953652791107e+00
-1.516816636221083092e+00
-1.197161022002499964e+00
-1.805650805612318388e+00
-1.876105072835321463e+00
-1.639365643587095578e+00
-1.577862210914006358e+00
-1.071215321197564574e+00
-1.469350988761894738e+00
-1.583991511244934758e+00
-1.393793622283607814e+00
-1.195194631846448363e+00
-1.409657196948927327e+00
-1.406663267188979161e+00
-1.478881839336838588e+00
-1.283230644084439653e+00
-1.365670726723491102e+00
-1.443807311995386478e+00
-1.774581465464019292e+00
-1.559677755285886702e+00
-1.409846094222779289e+00
-1.730280927706869365e+00
-1.685643038317333975e+00
-1.640332290739599186e+00
-1.763302028307713432e+00
-1.553654877193026085e+00
-1.808451357782483004e+00
-1.637372185859534923e+00
-1.408229317105031519e+00
-1.876906336348515891e+00
-1.191191279295098271e+00
-2.171873650480173890e+00
-1.538992318183495689e+00
-2.027974020441769998e+00
-1.447351115247445641e+00
-1.760957284417441260e+00
-1.551331704589473226e+00
-1.586723051935538642e+00
-1.680538186635485376e+00
-1.738942665711672442e+00
-1.482336394601510454e+00
-1.713146895142759529e+00
-1.581870711126232010e+00
-1.271197562947661064e+00
-1.214617715006074183e+00
-1.441399411661114849e+00
-1.634118190879627619e+00
-1.665032134209102344e+00
-1.534945317266641407e+00
-1.790199609106077672e+00
-1.522523038978093934e+00
-1.138892886344859523e+00
-1.720914119948320664e+00
-1.612355720701794892e+00
-1.603652079676781472e+00
-1.661408547096230981e+00
-1.744152069431300189e+00
-1.177997959666461592e+00
-1.151586889284310189e+00
-1.247133440926090797e+00
-1.676484203633233250e+00
-1.193252369109650601e+00
-1.293460715183814669e+00
-1.642463164759955907e+00
-1.606025768927592523e+00
-1.140495364042243720e+00
-1.585528693416496271e+00
-1.474101187066057195e+00
-1.098562096717292214e+00
-9.589685960957220479e-01
-1.506108129982554944e+00
-1.656521328779580138e+00
-1.409763415509947437e+00
-1.283618481215359708e+00
-2.027445562332529594e+00
-1.200639230844936511e+00
-1.574098566887536466e+00
-1.781114545398402305e+00
-1.759579973828844013e+00
-1.466011089995125305e+00
-1.416138304004837645e+00
-1.353241339345596428e+00
-1.347951872055804579e+00
-1.502226629274558967e+00
-1.754177515776579988e+00
-1.480592573764965003e+00
-1.502574065150415805e+00
-1.720351025338131778e+00
-1.334691461275070434e+00
-1.373034931786944357e+00
-1.587326948036682728e+00
-2.044886753977166904e+00
-1.758451268616277652e+00
-1.669333711240921447e+00
-1.536318848746664800e+00
-1.664305777086463323e+00
-1.249159684665450687e+00
-1.358151963579653287e+00
-1.189927607282594613e+00
-1.590113702138874041e+00
-1.760750385487585667e+00
-9.994020300388769540e-01
-1.315265339626321417e+00
-1.622737340759298208e+00
-1.615241911303515687e+00
-1.238364094584225805e+00
-1.468283509427141809e+00
-1.449437584285980796e+00
-1.226171922911464707e+00
-1.176458030172484737e+00
-2.021927949757313048e+00
-1.522115261536346908e+00
-1.315075613148357858e+00
-1.158616163777750119e+00
-1.600776023975392315e+00
-1.471557805505563143e+00
-1.601955111194990122e+00
-1.256973966776813390e+00
-1.821347527722748660e+00
-1.568189679586375895e+00
-1.134347165294764315e+00
-1.709247743420699406e+00
-1.695164919688164407e+00
-1.695033810354577009e+00
-1.210697327752399799e+00
-1.956911059659162122e+00
-1.134347165294764315e+00
-1.360621040233639834e+00
-1.593592052246216140e+00
-1.324551046722462377e+00
-1.394035694520714186e+00
-1.268685101134662485e+00
-1.386979876423611202e+00
-1.580366881496509057e+00
-1.467933540810533399e+00
-1.308229622919209856e+00
-1.658150822173863448e+00
-1.911753424980517257e+00
-1.583149034305786129e+00
-1.521181498265093301e+00
-1.254834699662603859e+00
-1.501257554899320334e+00
-2.001344673312499545e+00
-1.658322533855566494e+00
-1.412381548606296056e+00
-1.244145227709224200e+00
-1.234287060374639866e+00
-1.574524824521858379e+00
-1.484074433801113369e+00
-1.736867075790969439e+00
-1.423827620260248894e+00
-2.026270245931064196e+00
-2.027023722828995567e+00
-1.460188211320881724e+00
-1.401771214963047685e+00
-1.487239001310300512e+00
-1.500613103683509308e+00
-1.884225509190195824e+00
-9.808411388462162650e-01
-1.699393908420659738e+00
-1.609939897905935391e+00
-1.635827295743772503e+00
-1.422831526078609965e+00
-1.885690252512010501e+00
-1.741637396166402230e+00
-1.434778172707468435e+00
-1.473829369120343014e+00
-1.493556023927141263e+00
-1.239782098896505147e+00
-1.718736913169936820e+00
-1.946713475795657899e+00
-1.686040699842488166e+00
-1.519294623246929543e+00
-1.609800133479718287e+00
-1.358359018021166431e+00
-1.791843963127127015e+00
-9.365490932864435347e-01
-1.901572186558682320e+00
-2.032826695300738784e+00
-1.372735129883214888e+00
-1.443188372790317864e+00
-1.499748841216776540e+00
-1.433042333981599414e+00
-1.124240703512869199e+00
-1.536369388696608551e+00
-1.515737023221942703e+00
-1.921984112422940649e+00
-1.351882595914375873e+00
-1.696669904160526210e+00
-1.350748193191356750e+00
-1.543032969421404665e+00
-1.232817694162224864e+00
-1.382927147992190298e+00
-1.449305789815170886e+00
-1.807701782769086440e+00
-1.318398272214025724e+00
-1.215232658636478114e+00
-1.662550495746493606e+00
-1.535041833823063362e+00
-1.705137746726213432e+00
-1.648330725052527646e+00
-1.138298696951353106e+00
-1.293208883771568285e+00
-1.297023503718009119e+00
-1.022980890298952561e+00
-1.750035521957781670e+00
-1.898894317978726543e+00
-1.674344128938490828e+00
-1.409333601840086825e+00
-1.958266426694906581e+00
-1.552328182577174420e+00
-1.499829903201678416e+00
-1.709142502439537248e+00
-1.857645302481845562e+00
-1.579088159655279489e+00
-1.478018190451291902e+00
-1.598869293201258923e+00
-1.286896627297493323e+00
-1.407084411920632716e+00
-1.203398535005006709e+00
-1.509508603605395294e+00
-1.541721976280075568e+00
-1.221056976957129780e+00
-1.658479451330424848e+00
-6.335636105351497571e-01
-1.362565564739982138e+00
-1.275220347517283193e+00
-1.067064526480705711e+00
-9.909354620507877520e-01
-1.956813291389661646e+00
-7.427668027163826237e-01
-1.670309507349743372e+00
-5.789663804097701094e-01
-1.441606056749398457e+00
-1.860881946240226181e+00
-1.587342464341778614e+00
-1.092998500581736421e+00
-8.359477595086641788e-01
-2.138276425804503944e+00
-1.763769240554914797e+00
-9.457989712276999583e-01
-1.735893827249981314e+00
-7.518362340615244443e-01
-1.626063912803459077e+00
-1.770488120701081414e+00
-1.676846546551807648e+00
-9.913344941051538406e-01
-1.816004366276245507e+00
-2.034428533517096849e+00
-1.712699039000194823e+00
-1.236206782264702708e+00
-1.618175845983231831e+00
-1.712453803076575909e+00
-1.386858243529354606e+00
-1.669439323541505704e+00
-1.559773351985541456e+00
-1.610669321545613375e+00
-1.241817515473732536e+00
-1.718551066262978155e+00
-1.672605987308799502e+00
-1.588079276506407567e+00
-1.711443551349819403e+00
-1.106341930498869086e+00
-1.455027190873558363e+00
-1.282315329028047790e+00
-1.513341222022310140e+00
-1.886572161629033184e+00
-1.589221722626078304e+00
-1.253893137546685077e+00
-1.878529714231140346e+00
-1.224227528660884579e+00
-1.578440106209176408e+00
-1.473477150390129387e+00
-1.660853206924885361e+00
-1.418122845075050709e+00
-1.598454328118465995e+00
-1.539977673983558892e+00
-1.306415476553385968e+00
-1.220749750125432298e+00
-1.200209020250406322e+00
-1.270438111997266750e+00
-1.424022135887156537e+00
-1.797581737969009552e+00
-1.435589755514169674e+00
-1.412125716562591782e+00
-1.473027944786921672e+00
-1.289285395059152073e+00
-1.348615392595621465e+00
-1.442193383868796586e+00
-1.671093744590506525e+00
-1.469803506836069307e+00
-1.413157706747515618e+00
-1.346035980900078366e+00
-1.246878305195114001e+00
-1.508951803800660407e+00
-1.596991313700235615e+00
-1.792299037344737833e+00
-1.103205991555276766e+00
-1.337445312289284205e+00
-2.016469798668601321e+00
-1.746636941376567442e+00
-1.634212901587956512e+00
-1.173867353542952463e+00
-1.640768446438485961e+00
-2.171676418021434962e+00
-1.626630963320432777e+00
-7.700308852643141799e-01
-4.853262953478761355e-01
-5.666065131757256346e-01
-1.061221607965553204e+00
-6.713709714837544640e-01
-1.167908500924775828e+00
-1.209218033125143199e+00
-9.829219451649620076e-01
-8.127299723000025455e-01
-9.108096858607457325e-01
-1.358753325391916178e+00
-1.457738840998856089e+00
-1.261309473378508628e+00
-1.480781284333961612e+00
-1.480454558379277419e+00
-1.377249757791697782e+00
-1.937574604294932223e+00
-1.719168288057757232e+00
-1.052958939013960649e+00
-8.929862809963157178e-01
-9.758782331212989547e-01
-7.967625180298525400e-01
-1.227581714473259700e+00
-1.455230351117684728e+00
-9.091590600560454094e-01
-1.166068176975960657e+00
-1.076153852421470880e+00
-1.198293451624891537e+00
-9.038254232848270675e-01
-5.783606684748691107e-01
-1.183828118535159790e+00
-1.347495324726266874e+00
-1.161521644087407656e+00
-1.973155072539779065e+00
-1.061630056721057258e+00
-1.114438868172438646e+00
-1.379526737505659684e+00
-1.600616732037055012e+00
-1.644252202398372775e+00
-1.261725117184827605e+00
-1.344860616340703974e+00
-1.616281775644747398e+00
-1.301050948676339525e+00
-1.382563229278912287e+00
-1.377811418955238620e+00
-1.121235111588579914e+00
-1.483429477222763193e+00
-1.215783678895966835e+00
-1.186950082074593515e+00
-1.196098139662556958e+00
-2.096851145661621452e+00
-1.297744175455546545e+00
-1.478890488408026060e+00
-1.481788367749489632e+00
-1.168223717179485366e+00
-1.555110177095170299e+00
-1.472620207866976560e+00
-1.844663486663277840e+00
-1.358342741313522062e+00
-1.845226270172056537e+00
-1.513398375530173423e+00
-1.552987598599159469e+00
-1.077807016881461077e+00
-1.671227921317954168e+00
-1.411690408952577025e+00
-1.702523248202517214e+00
-1.163687753941536673e+00
-1.224396578467120467e+00
-2.003907060473598900e+00
-1.060315542563395663e+00
-1.761697719222887093e+00
-1.807097761074736963e+00
-1.590577480637505925e+00
-1.997419195277601256e+00
-1.578646847600770453e+00
-1.645954525602210561e+00
-1.339531616929779734e+00
-1.390152183266631036e+00
-1.552175184800621777e+00
-1.346915023332994510e+00
-1.292288084712896801e+00
-1.739211270240393903e+00
-1.652598606233059542e+00
-1.470490947650231250e+00
-1.756454250519663196e+00
-1.238262031838552657e+00
-1.915839755490100771e+00
-1.385596124150261454e+00
-2.021737822047859900e+00
-1.422980318724442528e+00
-1.416061574594724704e+00
-1.685618974982031837e+00
-1.665055416696665791e+00
-1.706797767354687023e+00
-1.536504820525911530e+00
-1.574838131384212803e+00
-1.116522429926482207e+00
-1.176347323698668124e+00
-1.442717635830687462e+00
-1.366721577607410643e+00
-1.463703427470466334e+00
-1.431758003767712006e+00
-1.522004596746945548e+00
-1.808065922795117908e+00
-1.500690668824110174e+00
-1.390568910368036759e+00
-1.496734461631447966e+00
-1.738491744426773344e+00
-1.465941269866026797e+00
-1.694683886421973540e+00
-1.189450132240321922e+00
-1.675214663849096119e+00
-1.638565660907261856e+00
-1.179420474019599707e+00
-1.269646983317528344e+00
-1.304000845884503379e+00
-1.205209731532778772e+00
-1.838203564647440391e+00
-1.386356219857257210e+00
-1.199074721449260306e+00
-1.802824711237137612e+00
-1.686674571669668277e+00
-1.547740565927383738e+00
-1.705856966802965058e+00
-1.252894717692076609e+00
-1.874832434799919456e+00
-1.705715611880499250e+00
-1.374867255850533709e+00
-1.866087338196469103e+00
-1.204311913316796545e+00
-1.299428623715872533e+00
-1.439419644545539612e+00
-1.853615735472304182e+00
-1.523406050619829033e+00
-1.682021851994012884e+00
-1.491609778968793654e+00
-1.392281378100324707e+00
-1.271801303657068560e+00
-1.342424009914786387e+00
-1.373021901436247028e+00
-1.634629217670391155e+00
-1.346599388774936568e+00
-1.452950128691876230e+00
-1.897781901843060837e+00
-1.303217416547499896e+00
-1.253412277551861465e+00
-9.888052320348901247e-01
-1.100023975315222335e+00
-1.585897121553478284e+00
-1.315844978603740945e+00
-1.216183356642601909e+00
-1.976250796344175997e+00
-9.822003022041678744e-01
-1.660247370968984226e+00
-1.761593309955258091e+00
-1.345419802541255594e+00
-1.541430658401403475e+00
-1.412756094243058147e+00
-1.429158273241369681e+00
-1.600314083400794729e+00
-1.229283621128930859e+00
-1.169304578982017340e+00
-1.648174083858712446e+00
1.844852565068511030e-02
-1.430273019080652019e-01
-1.542415963521274191e-01
-4.775686025798427936e-01
-6.139182616119802649e-01
-3.256393415817313564e-01
-7.228562653607525368e-01
2.789770018549310726e-01
-4.131670610439107383e-02
2.724672774490956018e-01
4.155271756104456093e-02
-2.797043483113128559e-01
-6.474165073804656334e-01
-7.720281063096733343e-01
-5.281191624522247885e-01
-7.307679309121276612e-01
-1.241743595816398704e+00
-1.039238559422011487e+00
-4.277195233028801558e-01
-8.280357369181234883e-01
-2.591800361644821526e-01
-2.157675417102326687e+00
-3.456606020324086703e-01
-1.141727565680467960e+00
-2.694938837334565296e+00
-1.655660713596088796e+00
-1.660737448517986437e+00
-1.576002550005397573e+00
-1.564184938780409651e+00
-1.861395051948395718e+00
-1.207586129858177815e+00
-1.078212942308817368e+00
-1.497495358711198765e+00
-1.329813432959922270e+00
-1.035157142064022873e+00
-1.159071460836688106e+00
-2.382787002341444804e+00
-1.062146158698513476e+00
-1.264919843010684053e+00
-1.517518328785673054e+00
-1.806384098395619864e+00
-1.455061889713637591e+00
-1.599948788043836112e+00
-2.285521803347029923e+00
-1.528445262014926254e+00
-1.430440073820958613e+00
-1.756789938540270324e+00
-1.447613180363902741e+00
-1.560147674325438771e+00
-1.394426906048824355e+00
-2.400760185716208195e+00
-1.606151904854719925e+00
-1.629829754436995959e+00
-1.671816537435203864e+00
-1.511345786935068825e+00
-1.382803230726070476e+00
-1.582583726210343267e+00
-1.514445671783288372e+00
-1.533294672677288029e+00
-1.677660129936609845e+00
-2.446755620710202805e+00
-1.708927340001108686e+00
9.361680318811450852e-02
-1.399129710951987793e+00
-1.852598911359286227e+00
-9.210710602024587690e-01
-1.165532151976141462e+00
3.813326976976207788e-02
8.341459391130724710e-02
-4.176837362520713359e-02
-3.126917088472234985e-02
-1.374122588920673627e+00
-1.806769318049249895e+00
-1.571714178948376617e+00
-1.631066880107145511e+00
-1.938616364957097993e+00
-1.630761634461157739e+00
-1.375493689562767630e+00
-1.571240753117759459e+00
-1.096764591803612632e+00
-1.682577458950184290e+00
-1.395801352850183585e+00
-1.347344806982675891e+00
-1.432582979449058769e+00
-1.779993508714017292e+00
-1.624405350745640408e+00
-1.485287159210784358e+00
-1.526744540788220084e+00
-1.856750215326405717e+00
-1.566060150874135859e+00
-1.968878899942958505e+00
-9.369494535942993751e-01
-1.740757172349345128e+00
-1.586936480917707115e+00
-1.467834593879470129e+00
-1.383322672119698060e+00
-1.606566446965247419e+00
-2.116362129879666654e+00
-1.929528123650022797e+00
-1.148651060460183171e+00
-1.688713103495917078e+00
-1.208660366275815523e+00
-1.850037025486852338e+00
-1.944559710058822999e+00
-1.529471504206350252e+00
-9.680281075143664093e-01
-1.598622969348611367e+00
-1.678394312417188505e+00
-1.669568939299021615e+00
-1.545311441315677436e+00
-1.617476249902441321e+00
-1.619584656262928357e+00
-1.708571794509019526e+00
-1.836598282708447938e+00
-1.857289310174036201e+00
-1.540305642164363720e+00
-1.389995060845923058e+00
-1.640423082636764285e+00
-1.422210057461568589e+00
-1.585246023776700763e+00
-1.870602366170507569e+00
-1.300338338328534737e+00
-1.134717364484738145e+00
-1.450709927536278032e+00
-1.388987649994400053e+00
-1.463933703367525263e+00
-1.984170898127746607e+00
-1.253029044682074877e+00
-1.579593417529092880e+00
-9.411388035928869300e-01
-8.156146125333291197e-01
-1.505196777950361220e+00
-1.376161442499333587e+00
-1.417828074604451594e+00
-3.330607939244986659e-01
-1.490114260425010162e+00
-1.686255991359264739e+00
-1.440204232543023544e+00
-1.547100032616498089e+00
-2.075333206975453315e+00
-1.472264230709106059e+00
-2.063973494714224532e+00
-1.432292787774915865e+00
-1.667776251758129602e+00
-1.048161804069550396e+00
-1.369127783019014055e+00
-1.244818052955953158e+00
-1.717154285123415169e+00
-1.639236535910632675e+00
-1.670056708889006813e+00
-1.264834787988265985e+00
-5.411340213319083547e-01
-9.627046291305907388e-01
-1.497854436594040273e+00
-1.353698277934832106e+00
-1.322057344347190577e+00
-1.898936994980317428e+00
-1.299105295954912753e+00
-1.365391062585029180e+00
-1.469909589503867631e+00
-1.512110730919563828e+00
-1.203647685274054968e+00
-1.662445302341391429e+00
-1.560804028664038778e+00
-1.693011500165255034e+00
-1.185521967393522891e+00
-1.321541824707258783e+00
-1.709964895955814024e+00
-1.805160686991378549e+00
-1.970111143621170902e+00
-1.443248817698503883e+00
-6.152608857570096568e-01
-1.391029617385075134e+00
-7.631110390081923267e-01
-1.588506794499159991e+00
-1.622458981694584468e+00
-1.245476637358253091e+00
-2.149477285654359360e+00
-5.662735856622117536e-01
-1.434554651374732703e+00
-1.333854579301989141e+00
-1.037157619126033214e+00
-9.349267824807562244e-01
-1.674426272836295526e+00
-1.461470067031354514e+00
-1.295446294706154466e+00
-1.080546792805140655e+00
-1.821468438527804379e+00
-8.677360862132422747e-01
-1.848483311128970685e+00
-1.291986247444763425e+00
-1.377555458526867227e+00
-1.149373924260274737e+00
-1.356291675011762621e+00
-1.596124796629738274e+00
-1.132567602728345113e+00
-1.592449979638369539e+00
-1.575948887618905614e+00
-1.702338754977971158e+00
-2.087212146656142409e+00
-2.095902534785933025e+00
-1.592335754165247641e+00
-1.323876097043675815e+00
-1.521219592280433686e+00
-1.408612632930279496e+00
-1.516385658345318133e+00
-1.635168732915580625e+00
-1.529533145442343756e+00
-1.513053348247244578e+00
-1.496854456582192183e+00
-2.358590274616113813e+00
-1.374082654607441167e+00
-1.195652479035341331e+00
-1.860759242569216987e+00
-1.749150945429007953e+00
-1.582306142096994828e+00
-1.543166994629743494e+00
-1.591444467666652374e+00
-1.347115811618200487e+00
-1.716915649563512725e+00
-1.961159762705490195e+00
-1.672995513093355591e+00
-1.104339358077029321e+00
-2.056263278573475517e-01
2.567140933219570070e-02
-1.316411921138882724e+00
-1.627401510868312196e+00
-1.302712592926180912e+00
-2.196648746065206659e+00
-7.041770980154800075e-01
-1.820310303153601428e+00
-1.489229926920736968e+00
-1.862785778317787022e+00
-1.486583161014918941e+00
-1.539356034590154021e+00
-1.746432412185073169e+00
-1.534048582945292116e+00
-1.806120754989362087e+00
-1.513428141373504898e+00
-1.339980615342931003e+00
-1.292031477409183005e+00
-1.651410760202367767e+00
-1.861204317779071360e+00
-1.838683892449767265e+00
-6.812220780163847911e-01
-1.905817503549014136e+00
-1.114277222697444225e+00
-1.877445436258667444e+00
-1.781685653149657655e+00
-1.927638238304460794e+00
-1.682924381200614716e+00
-1.252768485659635944e+00
-1.368340595549316863e+00
-2.049068241014118996e+00
-1.064691672586986160e+00
-1.285948238476591898e+00
-1.872401241533784289e+00
-1.972956970470761906e+00
-1.608837662597798035e+00
-1.507797717487944000e+00
-1.429638936508176084e+00
-1.190108093938269995e+00
-1.932985347943266374e+00
-1.883039903807603999e+00
-2.161840586204123227e+00
-2.155518703072485387e+00
-1.799680256868836592e+00
-1.339520064454244430e+00
-1.839077068621891353e+00
-1.874134559191185989e+00
-1.807899244688301321e+00
-1.374112787101967159e+00
-5.071614622459356264e-02
-1.394052852841427326e+00
-1.514305191852136856e+00
-1.913647931200923802e+00
-1.589201605766970893e+00
-1.333954850609519349e+00
-1.499584948800298356e+00
-1.382560302953018239e+00
-1.521101534390539189e+00
-1.425017169524223304e+00
-1.604734507890953177e+00
-2.085547016442110824e+00
-2.100934903892080818e+00
6.043726972330957375e-02
-1.624324115797002976e+00
-1.288415042571252167e+00
-1.557607577195053716e+00
-1.738024538903564009e+00
-9.157355214829634993e-02
-1.342170689333265665e+00
-6.128464763161535211e-01
-1.078175000050421772e+00
-1.492840671640348615e-01
-1.651646800735086851e+00
-1.944793372757436023e+00
-1.396007899564017718e+00
-1.685842447444415138e+00
-1.448494237478295643e+00
-1.543713815295304270e+00
-1.368516433553438105e+00
-1.723391657000775457e+00
-1.791913859806592679e+00
-2.019080051831486422e+00
-1.187602008181614766e+00
-1.591227819075946348e+00
-3.953990303642716531e-01
-9.807187273525219684e-01
-1.050825845907204403e+00
-2.498952452841493588e-01
-1.650021915633754999e+00
-1.413216273849101867e+00
-1.315594777238954682e+00
-1.519227601126643235e+00
-1.450212689415313339e+00
-1.862856498362308821e+00
-1.606405400458702282e+00
-1.759648005943918347e+00
-1.740153378508006332e+00
-1.270411713304124612e+00
-1.668330141364163355e+00
-1.732351794368503617e+00
-1.360670486581705196e+00
-1.412997943949127810e+00
-1.665246396617432012e+00
-4.992183989838768626e-02
-7.584646136588470977e-01
-1.823195421112502546e+00
-1.297977021211339510e+00
-1.613772559213471514e+00
-1.243983077007868809e+00
-1.204769116210366420e+00
-5.603045493810026034e-01
-1.172167270341728740e+00
-1.429451081957605618e+00
-1.572924626727429276e+00
-1.901268891238272696e+00
-1.482836378670553845e+00
-1.229696774456325192e+00
-1.359619330039993468e+00
-1.776049257532140047e+00
-9.730733456274526239e-01
-1.487828922373904295e+00
-1.719176525904406727e+00
-1.643455765108067457e+00
-1.925446802339093599e+00
-1.213979975500791619e+00
-1.104179697184816122e+00
-1.456119231205675435e+00
-1.679590770242372466e+00
-1.646284548894110467e+00
-1.653977609459169607e+00
-1.450340504091741201e+00
-1.428419993357201712e+00
-1.332042731657111956e+00
-1.541425517632062592e+00
-1.669096345247611524e+00
-1.832259537177629793e+00
-1.856737371315733798e+00
-1.328870505016115811e+00
-1.629966112741593864e+00
-1.211640487499168639e+00
-1.637192927973683210e+00
-1.805443677490865317e+00
-1.580559330644532690e+00
-1.513102589090672634e+00
-1.252972527956875304e+00
-1.730190193894280526e+00
-1.095522993898981889e+00
-1.309764586685353338e+00
-3.792199751732848734e-01
-1.883174633810867249e+00
-1.452644172719661286e+00
-1.477411454704959493e+00
-2.021476597135247188e-01
-1.999395505769522574e-01
-1.974003745922319419e+00
-1.461053665194134599e+00
-1.669790630202447224e+00
-1.547870647289004475e+00
-1.565258304661288902e+00
-1.716342336518009715e+00
-1.638551419453652125e+00
-1.867299585423480845e+00
-1.691624897491500912e+00
-1.372985928383894105e+00
-1.714375075486169298e+00
-1.265894016465676897e+00
-1.374992453878925103e+00
-1.691568096836909563e+00
-1.550542329013970155e+00
-1.410089226601096035e+00
-1.244722086107082015e+00
-1.499013830913182410e+00
-1.504522181627784283e+00
-1.881991579608022214e+00
-2.008315983367369828e+00
-1.312764125058340170e+00
-1.587139621010213997e+00
-1.961143924442470876e+00
-1.455846475247940974e+00
-2.116094392605763819e+00
-1.865753970474638201e+00
-1.523898842687842148e+00
-1.766751196322589257e+00
-1.590363889636027706e+00
-1.982966479626986578e+00
-1.248862927358307839e+00
-1.558027116199193207e+00
-7.608535630349231305e-01
-1.435815011836232280e+00
-1.470040475289639881e+00
-1.924545414032645230e+00
-1.254138801611718756e+00
-1.295198582565497247e+00
-1.578954428530504384e+00
-1.594954176051422312e+00
-1.670882482284325787e+00
-1.237316423269439802e+00
-1.827285401215753113e+00
-1.619997610741235938e+00
-1.128975347965397225e+00
-1.163993313907666138e+00
-1.551323811699647726e+00
-1.466765258452088938e+00
-9.802738913769020179e-01
-1.300301918882027286e+00
-1.744539167073782426e+00
-1.627647321715786077e+00
-1.517889552060572189e+00
-1.601852809259453947e+00
-1.695653386184212241e+00
-1.868413602196525414e+00
-2.119992146523522969e+00
-1.561836791591273865e+00
-1.620883298573328135e+00
-1.915142964022197969e+00
-1.870937901880101117e+00
-1.387428433040347242e+00
-1.300409035868653529e+00
-9.522826515400369951e-01
-1.181176080720629074e+00
-1.561617923970751054e+00
-1.440254616958500655e+00
-1.098660436383100292e+00
-1.336044007392544364e+00
-1.504345012119567393e+00
-1.680577375782745353e+00
-1.521455092486102334e+00
-1.451042896226740986e+00
-1.283086978875678907e+00
-1.832572421973435173e+00
-1.532329379750130061e+00
-1.518849635748462656e+00
-1.420294713352548532e+00
-1.594655039405768804e+00
-8.968529761611560014e-01
-1.651332714453617845e+00
-1.415778773757704778e+00
-1.397937223672719664e+00
-1.335990084226654551e+00
-1.060788259392603683e+00
1.155959052083148086e-01
-1.188789339902528219e+00
-6.663834866549495084e-01
-1.611618301349982518e+00
-1.354445240494279501e+00
-1.848126027680904615e+00
-1.353157693685839824e+00
-1.538110776698025539e+00
-3.858305236795223636e-01
2.675703091635088238e-01
6.053954309230372699e-01
-1.126217063181732536e+00
-6.420512121616859247e-01
-1.851436386003695755e+00
-1.354703980982698175e+00
-1.588351532158011059e+00
-1.199710040946813328e+00
-1.551072907678529678e+00
-1.709386604948007093e+00
-1.910462690609281866e+00
-5.171148396920365320e-01
-1.301985156468096427e+00
-1.637359386917405457e+00
-1.686609897520596091e+00
-1.664051291610862737e+00
-1.925669756623886730e+00
-1.497613465040147585e+00
-1.677198280885209281e+00
-9.004101924941056989e-01
-7.659723136405961474e-01
-9.200474940396351498e-01
-9.002848215249760200e-01
-1.169055343959590987e+00
-1.587855143414037329e+00
-1.363948721269033548e+00
-1.460432045380830601e+00
-1.630426736758766815e+00
-1.677003671263634699e+00
-1.423534629321895340e+00
-1.316738433123969321e+00
-1.416420867060066202e+00
-1.251968597077929957e+00
-1.120279077267085865e+00
-1.690967771283057308e+00
-1.365007398054563836e+00
-1.622702216996864122e+00
-1.415307833810631299e+00
-1.945556809953328470e+00
-1.745079217518643588e+00
-4.427428343475604128e-02
-1.806022136735098149e+00
-1.155653550803615204e+00
-1.525968475655567813e+00
-1.505493703247472892e+00
-2.397424468036596590e+00
-1.311566371094326611e+00
-1.732963545370249880e+00
-1.524031776799935844e+00
-1.384467908636666911e+00
-1.147174875735897936e+00
-1.818108857636123954e+00
-7.880045071486142527e-01
-1.181889409853479567e+00
-1.558346273563715245e+00
-1.513144892474022063e+00
-1.160558879541953470e+00
-1.564903594536090070e+00
-1.235074894488072950e+00
-1.136038727370182855e+00
-1.345586697515103181e+00
-8.839144015527847786e-01
-7.423253216668384002e-01
-1.606339837521069791e+00
-1.383155671041190971e+00
-1.151733152924389270e+00
-1.243059695625458927e+00
-1.349587703247933757e+00
-1.358634913237812825e+00
-7.497400918390499935e-01
-1.627899459511729097e+00
-1.697339414306850092e+00
-1.243215476092743410e+00
-1.321116903923388763e+00
-6.626409318059177656e-01
-1.206060789872562156e+00
-1.902827485658851625e+00
-1.357697935302720316e+00
-1.811850123394013190e+00
-1.073473772644829793e+00
-1.208301549631457528e+00
-1.445899981888419505e+00
-1.332975340737729164e+00
-1.303412136235605923e+00
-1.536566515359506280e+00
-1.469431511900662679e+00
-1.279222064218037858e+00
-1.333002160260592595e+00
-1.267383244586141711e+00
-1.751778752823004881e+00
-1.593002695056022100e+00
-1.853704166555804944e+00
-1.527207794995766088e+00
-1.286479875850003562e+00
-1.523972248353218983e+00
-1.454287588000653386e+00
-1.423628573464535751e+00
-1.043111614573326573e+00
-1.720859718880840994e+00
-1.885252292485025682e+00
-1.350406488399480409e+00
-2.100927357105085935e+00
-1.806762718500472653e+00
-1.857937255226829620e+00
-1.187989776360997007e+00
-1.361975681173633046e-01
-1.353474297125048409e+00
-1.679651632731473221e+00
-1.639018509069705365e+00
-2.024177188717030784e+00
-1.666748469495339613e+00
-1.468007043871076833e+00
-1.828511654106831141e+00
-2.120889835125994605e+00
-1.396574195728614187e+00
-1.408681438506842687e+00
-1.969035688314413779e+00
-1.270806769589372109e+00
-1.576277371040041730e+00
-1.026293038173876182e+00
-1.726244515211202923e+00
-1.516949490432359715e+00
-3.368900763561050726e-01
-1.406720615869525792e+00
-1.301534179263520219e+00
-1.024120531261775158e+00
-1.912610837729532998e+00
-1.504489189828368545e+00
-1.572483532799952899e+00
-1.617236773649082249e+00
-1.664051121314388260e+00
-1.792465888354355386e+00
-1.514088936208047187e+00
-1.291729326509353015e+00
-1.465975676030244701e+00
-1.603892433331979728e+00
-1.428826619727171288e+00
-1.523096465975668723e+00
-1.486310894691456497e+00
-1.272697783231685031e+00
-1.501283140630277124e+00
-1.403059860933359104e+00
-1.280332418982059295e+00
-1.642640833530136346e+00
-1.506219061141356397e+00
-1.581763170824411313e+00
-1.708920408016572079e+00
-1.525955859378886670e+00
-1.442053046232299574e+00
-1.491688400922773994e+00
-1.587321196731803941e+00
-1.342368578801563572e+00
-1.574876621586289938e+00
-1.540859877829292346e+00
-1.901058082101656499e+00
-1.756338075475378346e+00
-1.398654053584057699e+00
-1.291422739893153926e+00
-1.461566253061541643e+00
-1.523958403371903803e+00
-1.317673223580179354e+00
-1.878427757237614903e+00
-1.645701582635806792e+00
-2.096236370493880674e+00
-1.740672990860009151e+00
-1.216768659356795901e+00
-1.451391340646602579e+00
-1.759896123124108813e+00
-1.410371224828401715e+00
-1.556937674587256515e+00
-1.472021204527162785e+00
-1.451029437140922473e+00
-1.282793208987620170e+00
-1.477884031193474668e+00
-1.688178487879375300e+00
